     0/249    0.453G   0.07805  0.007986   0.05118    0.1372       156       224  0.006987    0.1361  0.002878 0.0005366   0.09535  0.009614   0.04376
     1/249     1.33G   0.05783  0.008951   0.04663    0.1134       143       224   0.08269    0.2887   0.08121   0.01895   0.07258   0.01103   0.04545
     2/249      1.8G   0.04876   0.00829   0.04534    0.1024       134       224    0.1376    0.7065    0.1945   0.06752   0.06119  0.009869   0.05026
     3/249      1.8G   0.04521  0.007498    0.0432    0.0959       117       224    0.1814     0.669    0.2621   0.09332   0.06066  0.009625   0.05086
     4/249      1.8G   0.04232  0.007292   0.04048   0.09008       132       224    0.3502    0.5706    0.4537    0.2002   0.06338  0.008893   0.05383
     5/249      1.8G   0.04167  0.006305   0.03953   0.08751       145       224    0.4694    0.5505    0.4605    0.2618   0.05968   0.00897   0.06898
     6/249      1.8G   0.06231   0.00587   0.04746    0.1156       148       224    0.4172    0.8058    0.5014    0.2773   0.08331  0.006234   0.07431
     7/249      1.8G   0.05822  0.005758   0.04315    0.1071       117       224    0.4623    0.7155    0.6212    0.3844   0.06891  0.006775   0.04971
     8/249      1.8G   0.05015  0.005465   0.04087   0.09649       132       224    0.5621    0.6489    0.6479    0.4455   0.07079  0.006708   0.04339
     9/249      1.8G   0.04952  0.005592    0.0382   0.09331       148       224    0.5057    0.7335     0.658    0.4951   0.06347  0.006759   0.04231
    10/249      1.8G   0.04322  0.005338     0.036   0.08455       135       224    0.4711    0.8278    0.7102    0.5313   0.07056  0.004884   0.04591
    11/249      1.8G   0.04693   0.00525    0.0346   0.08678       150       224    0.6535      0.73    0.7039     0.483   0.06535  0.005528   0.05151
    12/249      1.8G   0.04202  0.005159   0.03399   0.08117       133       224    0.6295      0.76     0.714    0.5594   0.06409  0.006551   0.04413
    13/249      1.8G   0.03994  0.004909   0.03211   0.07696       145       224    0.6177    0.8511     0.729    0.5924   0.04947  0.007666   0.04671
    14/249      1.8G   0.03636  0.004815   0.03108   0.07225       147       224    0.6172    0.7727     0.745    0.5834    0.0552  0.006669   0.04826
    15/249      1.8G   0.03492  0.004706   0.02956   0.06919       139       224    0.7007    0.9084    0.8001    0.6718   0.05995  0.006173   0.04204
    16/249      1.8G   0.03155  0.004624   0.02926   0.06544       130       224    0.6995    0.7346    0.7592    0.6021   0.05885  0.006749   0.04201
    17/249      1.8G    0.0316  0.004524   0.02897   0.06509       131       224    0.6821    0.8573    0.7996    0.6502   0.05927  0.006382   0.03454
    18/249      1.8G   0.02922  0.004509   0.02832   0.06205       121       224    0.7467    0.8742    0.8132    0.6546   0.05851  0.006541    0.0389
    19/249      1.8G   0.02844  0.004548   0.02812   0.06111       132       224    0.6716    0.8176    0.7817     0.665   0.05356  0.007807   0.03901
    20/249      1.8G   0.02771  0.004552   0.02787   0.06014       130       224    0.6864    0.8237    0.7878    0.6749    0.0491  0.008175   0.04021
    21/249      1.8G   0.02728  0.004522   0.02707   0.05887       129       224    0.7193    0.8531    0.8224    0.7048   0.05322  0.007381   0.03914
    22/249      1.8G   0.02726  0.004418   0.02654   0.05822       139       224    0.7141     0.879    0.8422    0.7055   0.05954  0.007256   0.03486
    23/249      1.8G   0.02769  0.004479   0.02645   0.05862       140       224     0.767    0.8683    0.8502    0.7489   0.05792  0.006785   0.03355
    24/249      1.8G   0.02572   0.00444   0.02669   0.05685       148       224    0.8485    0.8435    0.8928    0.7537   0.06036  0.006568   0.03965
    25/249      1.8G   0.02553  0.004503   0.02603   0.05606       145       224    0.6997    0.8763    0.8805    0.7576   0.05643  0.007168   0.03495
    26/249      1.8G   0.02515  0.004396   0.02583   0.05538       127       224    0.6983    0.8546    0.8306     0.704   0.05265  0.007986   0.03332
    27/249      1.8G   0.02508  0.004406   0.02649   0.05598       154       224    0.8294     0.878    0.8998    0.7697   0.05601  0.007394    0.0321
    28/249      1.8G   0.02497  0.004406   0.02565   0.05502       141       224     0.831    0.7131    0.8319    0.7324   0.05213  0.008117    0.0342
    29/249      1.8G   0.02477  0.004433   0.02593   0.05514       147       224    0.5578    0.6752     0.772    0.6781   0.05213  0.007792   0.04318
    30/249      1.8G   0.02456  0.004407   0.02599   0.05495       135       224    0.8882    0.8105    0.9066    0.7783   0.04159   0.00886   0.04057
    31/249      1.8G    0.0245  0.004265   0.02558   0.05434       135       224    0.7611    0.8981      0.88    0.7753    0.0521  0.008317    0.0399
    32/249      1.8G   0.02363  0.004248   0.02486   0.05274       125       224    0.7604    0.9412    0.9204    0.7815   0.03833   0.01076   0.03997
    33/249      1.8G    0.0242  0.004325   0.02435   0.05287       143       224    0.8955    0.9343    0.9692     0.863   0.03835   0.01026   0.03913
    34/249      1.8G    0.0232  0.004224    0.0243   0.05172       158       224    0.9146    0.8854    0.9434    0.8112   0.03943  0.009351   0.04064
    35/249      1.8G   0.02201  0.004048   0.02342   0.04948       138       224    0.8657    0.8707    0.9022    0.7968   0.04296  0.009516   0.05064
    36/249      1.8G   0.02234  0.004148   0.02369   0.05018       141       224    0.8762    0.8683    0.9405     0.844   0.03627   0.01015   0.05737
    37/249      1.8G   0.02147  0.004029   0.02304   0.04854       127       224    0.8313    0.9099    0.9377    0.8491   0.03776  0.009437   0.05559
    38/249      1.8G   0.02115  0.004125   0.02316   0.04843       129       224    0.8905    0.8728     0.938    0.8325   0.03248   0.01002   0.06404
    39/249      1.8G   0.02159  0.004163   0.02323   0.04898       128       224    0.7687     0.889    0.8962    0.7993   0.03072  0.009909   0.05042
    40/249      1.8G   0.02051  0.004038   0.02237   0.04692       136       224    0.8863     0.913    0.9418    0.8466   0.03501  0.009201   0.03954
    41/249      1.8G   0.02086  0.004182   0.02211   0.04715       159       224    0.9053    0.8697    0.9476    0.8521    0.0372  0.009324   0.05528
    42/249      1.8G   0.01967     0.004   0.02167   0.04534       120       224    0.9211    0.9279    0.9577    0.8709   0.03112  0.008637   0.04614
    43/249      1.8G   0.01983  0.003976   0.02095   0.04476       118       224    0.8915    0.9242    0.9629    0.8744   0.02513   0.01048   0.03683
    44/249      1.8G   0.01984  0.004128   0.02064   0.04461       123       224    0.8606    0.8875    0.9336    0.8403   0.02697  0.009653   0.05925
    45/249      1.8G   0.01902  0.004089   0.02072   0.04383       131       224    0.9126    0.8983      0.94    0.8492   0.02635  0.009325   0.04807
    46/249      1.8G   0.01941  0.004148   0.02032   0.04387       165       224    0.8619    0.9308    0.9474    0.8493   0.02655   0.00956    0.0318
    47/249      1.8G   0.01899  0.004208   0.02028   0.04347       134       224    0.8995    0.9204     0.977    0.8829   0.02355  0.008962    0.0419
    48/249      1.8G   0.01824  0.004041   0.01999   0.04227       147       224    0.9147    0.9383    0.9708    0.8884   0.02343  0.009768   0.03206
    49/249      1.8G   0.01815  0.004117   0.01967   0.04194       144       224     0.908    0.9144    0.9625    0.8789   0.02544  0.009738    0.0309
    50/249      1.8G   0.01808  0.004152    0.0204   0.04264       143       224    0.9121    0.9014    0.9403    0.8513   0.01937  0.009944   0.05042
    51/249      1.8G   0.01771  0.004114    0.0196   0.04142       127       224    0.9118    0.9534    0.9694    0.8882   0.02129  0.009594   0.05057
    52/249      1.8G    0.0175  0.003998   0.01892   0.04042       130       224    0.9474    0.9117     0.969     0.881   0.02063  0.008972    0.0344
    53/249      1.8G   0.01731  0.003922   0.01896   0.04019       124       224    0.9192    0.9199    0.9599    0.8772   0.02365  0.009866   0.05108
    54/249      1.8G    0.0174  0.003981   0.01932   0.04071       130       224    0.9071    0.9526    0.9735    0.8815   0.02045  0.009186   0.04322
    55/249      1.8G   0.01736     0.004   0.01833   0.03969       130       224    0.9397    0.9002    0.9545    0.8784   0.02052  0.009895   0.05046
    56/249      1.8G   0.01749  0.003764   0.01839   0.03965       125       224    0.9208    0.9664    0.9699    0.8835   0.02278   0.01009   0.05315
    57/249      1.8G   0.01693  0.004018   0.01861   0.03956       133       224     0.817    0.9057    0.9293    0.8481    0.0202  0.008809   0.04526
    58/249      1.8G   0.01686   0.00391   0.01851   0.03928       141       224    0.9215    0.8909    0.9496    0.8666   0.01977   0.01026   0.03436
    59/249      1.8G   0.01709  0.003987   0.01838   0.03946       131       224    0.8697    0.9028    0.9437    0.8621   0.02002   0.01004   0.04339
    60/249      1.8G    0.0166   0.00401   0.01823   0.03884       137       224    0.8803    0.9605     0.971    0.8912   0.01998   0.01056   0.04509
    61/249      1.8G   0.01655  0.003837   0.01809   0.03847       133       224    0.9238    0.9452    0.9787    0.8912   0.02243  0.009793   0.03861
    62/249      1.8G   0.01626  0.003842   0.01801   0.03811       124       224    0.9483    0.9419    0.9759    0.8937   0.02008   0.01064   0.03673
    63/249      1.8G   0.01643  0.003794   0.01835   0.03857       129       224    0.9163    0.9285    0.9601    0.8771   0.01899   0.01024   0.05351
    64/249      1.8G   0.01649  0.003925   0.01801   0.03842       129       224    0.9295    0.9402      0.97    0.8905   0.02014   0.01071   0.05347
    65/249      1.8G   0.01633   0.00392   0.01783   0.03809       159       224    0.9624    0.9596    0.9756    0.8961   0.02047   0.01091    0.0418
    66/249      1.8G   0.01582  0.003802   0.01798    0.0376       156       224    0.9159    0.9515    0.9729    0.8929   0.02209   0.01148   0.03951
    67/249      1.8G   0.01604  0.003876   0.01816   0.03808       141       224    0.9575    0.9537    0.9825    0.9024   0.01849   0.01035   0.04195
    68/249      1.8G    0.0162  0.003723   0.01749   0.03742       131       224    0.9219    0.9634    0.9802    0.9044   0.01908   0.01095   0.03979
    69/249      1.8G    0.0161  0.003709   0.01709    0.0369       143       224    0.9545    0.9393    0.9863    0.8997   0.01849   0.01121   0.04879
    70/249      1.8G   0.01573  0.003718   0.01694   0.03639       136       224    0.9349    0.9615    0.9831    0.9138   0.01692   0.01165   0.03117
    71/249      1.8G     0.016   0.00362    0.0173   0.03692       143       224    0.9217    0.9481    0.9715    0.8999   0.01656   0.01109   0.03969
    72/249      1.8G   0.01528  0.003751   0.01735   0.03638       132       224    0.9301    0.9025    0.9769    0.9007    0.0176   0.01092   0.04663
    73/249      1.8G    0.0153  0.003675   0.01692   0.03589       151       224    0.9209    0.9539     0.985    0.9053   0.01636   0.01203   0.03743
    74/249      1.8G   0.01566  0.003593   0.01678   0.03603       141       224    0.9681    0.9257    0.9832    0.9133   0.01738   0.01112   0.03842
    75/249      1.8G   0.01524  0.003619   0.01707   0.03594       132       224    0.9319    0.9137    0.9773    0.9068   0.01763   0.01185   0.07061
    76/249      1.8G     0.016  0.003625   0.01646   0.03609       150       224    0.9268    0.9135    0.9689    0.8915   0.01853   0.01194   0.04857
    77/249      1.8G   0.01534  0.003695   0.01697   0.03601       121       224    0.9494    0.9694    0.9857     0.906   0.01677   0.01139   0.06295
    78/249      1.8G   0.01543  0.003611   0.01633   0.03536       137       224    0.9695    0.9723    0.9921    0.9208   0.01618   0.01142   0.06726
    79/249      1.8G    0.0155  0.003599   0.01631    0.0354       131       224    0.9732    0.9563    0.9885    0.9092   0.01571   0.01119    0.0408
    80/249      1.8G   0.01537  0.003664   0.01681   0.03585       139       224    0.9548    0.9297    0.9792    0.9004   0.01532   0.01118   0.06486
    81/249      1.8G   0.01482   0.00364   0.01577   0.03422       146       224    0.9469    0.9564    0.9821    0.9063   0.01755   0.01156   0.04062
    82/249      1.8G   0.01506  0.003582   0.01623   0.03487       143       224     0.962    0.9388    0.9894    0.9179   0.01477   0.01071   0.03804
    83/249      1.8G   0.01512  0.003561   0.01629   0.03497       139       224    0.9619     0.938    0.9859    0.9054   0.01783   0.01206   0.06511
    84/249      1.8G   0.01508  0.003464   0.01651   0.03505       143       224    0.9199     0.942    0.9706    0.8995   0.01637    0.0106    0.0713
    85/249      1.8G   0.01474  0.003574   0.01608   0.03439       111       224    0.9559    0.9715    0.9854    0.9188   0.01684   0.01092   0.04522
    86/249      1.8G   0.01539  0.003593   0.01539   0.03437       154       224    0.9483    0.9728    0.9883    0.9208   0.01747   0.01177   0.06228
    87/249      1.8G   0.01498  0.003586   0.01609   0.03466       136       224    0.9229    0.9668    0.9785    0.9112   0.01611   0.01142   0.04087
    88/249      1.8G   0.01491  0.003556   0.01601   0.03447       136       224    0.9716    0.9591    0.9883    0.9081   0.01848   0.01146   0.06501
    89/249      1.8G   0.01489  0.003426   0.01588   0.03419       132       224     0.941    0.9701    0.9858    0.9081    0.0146   0.01145   0.06398
    90/249      1.8G   0.01527  0.003486   0.01566   0.03442       142       224    0.9425    0.9583    0.9804    0.9054   0.01778   0.01193   0.05813
    91/249      1.8G   0.01482  0.003647   0.01633   0.03479       116       224    0.9444    0.9651    0.9781    0.9049   0.01548   0.01096   0.06064
    92/249      1.8G   0.01453  0.003558   0.01524   0.03333       135       224    0.9791    0.9442     0.985    0.9087   0.01429   0.01103   0.06085
    93/249      1.8G   0.01457  0.003789   0.01615    0.0345       150       224    0.9317     0.951    0.9789     0.907   0.01438   0.01103   0.05421
    94/249      1.8G   0.01444  0.003527   0.01513    0.0331       140       224    0.9439     0.946    0.9777    0.9083   0.01374   0.01235   0.06615
    95/249      1.8G   0.01492  0.003614   0.01523   0.03376       132       224    0.8878     0.952    0.9728    0.8995   0.01493   0.01128   0.04371
    96/249      1.8G   0.01428  0.003838   0.01566   0.03377       130       224    0.9529    0.9075     0.976    0.8975   0.01752   0.01085   0.06244
    97/249      1.8G   0.01448  0.003791   0.01555   0.03382       134       224    0.9174    0.9478    0.9762    0.9083   0.01516   0.01149    0.0623
    98/249      1.8G   0.01438  0.003639   0.01541   0.03343       137       224    0.9585    0.9488    0.9859    0.9124   0.01547   0.01141   0.05749
    99/249      1.8G   0.01427  0.003583   0.01495    0.0328       133       224    0.8836     0.891     0.962    0.8944   0.01547   0.01128   0.08044
   100/249      1.8G   0.01432  0.003702   0.01444   0.03246       145       224    0.9375    0.9539    0.9698    0.8952   0.01452   0.01061   0.06933
   101/249      1.8G   0.01424  0.003762   0.01479   0.03279       134       224    0.9136     0.856    0.9509    0.8727   0.01648  0.009645   0.07829
   102/249      1.8G   0.01412  0.004096   0.01547   0.03368       126       224    0.9665    0.9407    0.9895    0.9198   0.01479   0.01083   0.07307
   103/249      1.8G   0.01383  0.003958   0.01469   0.03247       137       224    0.9559    0.9616    0.9758    0.9124   0.01388   0.01108    0.0932
   104/249      1.8G    0.0141  0.003821    0.0149   0.03282       130       224    0.9102    0.8436    0.9484    0.8817   0.01285  0.009838   0.06602
   105/249      1.8G   0.01376  0.003822   0.01521   0.03279       134       224     0.951    0.9623    0.9824     0.911    0.0137    0.0106   0.06811
   106/249      1.8G   0.01398  0.003654    0.0147   0.03233       122       224    0.9306    0.9332    0.9787     0.906   0.01323    0.0103   0.05805
   107/249      1.8G   0.01403    0.0035   0.01437    0.0319       119       224    0.9422    0.9874    0.9929    0.9221   0.01375    0.0113   0.05542
   108/249      1.8G   0.01402  0.003545   0.01453   0.03209       128       224    0.9641    0.9797    0.9918    0.9268   0.01331   0.01029   0.05541
   109/249      1.8G   0.01391  0.003587   0.01404   0.03153       133       224    0.9778    0.9881    0.9922    0.9251    0.0135   0.01005    0.0515
   110/249      1.8G   0.01363  0.003541    0.0136   0.03076       130       224    0.9698     0.949    0.9888    0.9207   0.01302   0.01107   0.05592
   111/249      1.8G   0.01387  0.003502   0.01426   0.03163       139       224    0.9617    0.9531    0.9841    0.9072   0.01341  0.009783   0.07662
   112/249      1.8G   0.01359  0.003595   0.01459   0.03177       114       224    0.9515    0.9604    0.9864    0.9194   0.01453   0.01075   0.08012
   113/249      1.8G   0.01373  0.003408   0.01393   0.03107       141       224    0.9271    0.9672    0.9778    0.9089   0.01396   0.01172    0.0668
   114/249      1.8G   0.01312  0.003887   0.01317   0.03017       135       224    0.9226    0.9566    0.9717    0.8976   0.01244   0.01126   0.09423
   115/249      1.8G   0.01401  0.003775   0.01429   0.03207       140       224    0.9229    0.9714    0.9801    0.9214   0.01447   0.01267   0.08744
   116/249      1.8G    0.0134  0.003492   0.01425   0.03114       118       224    0.9543     0.961    0.9843    0.9135   0.01328   0.01067   0.07581
   117/249      1.8G   0.01366  0.003485   0.01301   0.03016       140       224    0.9393    0.9548    0.9767    0.9114   0.01238   0.01053   0.06512
   118/249      1.8G   0.01344  0.003369   0.01315   0.02995       142       224    0.9537    0.9473    0.9847    0.9131   0.01353   0.01104    0.0585
   119/249      1.8G   0.01358  0.003723    0.0142    0.0315       146       224    0.9312    0.9362    0.9664    0.8921   0.01275   0.01048   0.07664
   120/249      1.8G   0.01341  0.003795   0.01441   0.03161       145       224    0.9571    0.9371    0.9788    0.9102   0.01206   0.01081   0.08331
   121/249      1.8G   0.01333  0.003644   0.01296   0.02993       149       224    0.9359    0.9518    0.9847    0.9182   0.01254   0.01192   0.09619
   122/249      1.8G   0.01278  0.003801   0.01311   0.02969       137       224    0.8958    0.9558    0.9611    0.8898   0.01208   0.01204    0.1032
   123/249      1.8G   0.01344  0.003744   0.01346   0.03065       139       224    0.9846    0.9136    0.9837    0.9121   0.01305   0.01077   0.07816
   124/249      1.8G   0.01346  0.003572   0.01309   0.03012       144       224    0.9494    0.9761    0.9868    0.9207    0.0129   0.01106   0.07379
   125/249      1.8G     0.013  0.003791   0.01242   0.02922       128       224    0.9483    0.9606    0.9736    0.9038   0.01313   0.01064   0.09164
   126/249      1.8G   0.01292  0.003675   0.01241     0.029       139       224    0.9507    0.9175    0.9642    0.8994   0.01229   0.01065   0.09201
   127/249      1.8G   0.01305  0.003666   0.01284   0.02955       154       224    0.9414    0.9522     0.978    0.9111    0.0121   0.01106   0.06389
   128/249      1.8G   0.01303  0.003739    0.0131   0.02987       137       224     0.962    0.9397    0.9753    0.9038   0.01255   0.01117   0.06632
   129/249      1.8G   0.01298  0.003771   0.01298   0.02973       160       224    0.9357    0.9593    0.9755    0.9136   0.01192   0.01043   0.07589
   130/249      1.8G   0.01306  0.003543   0.01353   0.03014       132       224    0.9513    0.9792    0.9815    0.9177    0.0119   0.01022    0.0607
   131/249      1.8G   0.01308  0.003331   0.01221   0.02862       152       224    0.9565     0.971    0.9879    0.9259   0.01249   0.01191   0.06317
   132/249      1.8G   0.01308  0.003468   0.01269   0.02924       142       224    0.9713    0.9529    0.9884    0.9239   0.01347   0.01213   0.05462
   133/249      1.8G   0.01318  0.003424   0.01328   0.02988       115       224    0.9806    0.9352    0.9796    0.9167   0.01294    0.0127   0.07061
   134/249      1.8G   0.01286  0.003498   0.01329   0.02965       145       224    0.9001    0.9265    0.9735    0.9114   0.01234   0.01111    0.1003
   135/249      1.8G   0.01274  0.003443   0.01294   0.02913       134       224     0.979    0.9613    0.9916     0.925   0.01287   0.01257   0.06936
   136/249      1.8G   0.01273  0.003327   0.01258   0.02864       140       224    0.9804    0.9736      0.99    0.9227   0.01315   0.01167   0.05672
   137/249      1.8G   0.01248  0.003583   0.01183   0.02789       139       224    0.9756    0.9572    0.9879    0.9247   0.01184   0.01116   0.06526
   138/249      1.8G   0.01266  0.003505    0.0123   0.02847       141       224    0.9567    0.9688    0.9872    0.9254   0.01098   0.01072   0.06617
   139/249      1.8G   0.01269  0.003332   0.01213   0.02815       128       224    0.9617    0.9765    0.9887    0.9233   0.01211   0.01077   0.06381
   140/249      1.8G   0.01203  0.004005   0.01134   0.02737       156       224    0.9176    0.9133    0.9657    0.8971   0.01178  0.009603   0.07159
   141/249      1.8G   0.01208  0.003677   0.01276   0.02852       155       224    0.9432    0.9569    0.9834    0.9151   0.01256   0.01162   0.06426
   142/249      1.8G   0.01224  0.003706   0.01139   0.02734       130       224    0.9358    0.9546     0.982    0.9151   0.01372   0.01131   0.06729
   143/249      1.8G   0.01222  0.003733   0.01221   0.02816       134       224    0.9583    0.9223    0.9792    0.9156   0.01208  0.009873   0.06287
   144/249      1.8G    0.0126  0.003647   0.01164   0.02789       141       224    0.9755    0.9799     0.994     0.935   0.01196   0.01122   0.06504
   145/249      1.8G   0.01233  0.003289   0.01256   0.02818       116       224    0.9715    0.9877    0.9872    0.9226   0.01192   0.01168   0.06239
   146/249      1.8G   0.01246  0.003278   0.01199   0.02772       131       224    0.9684    0.9756    0.9863    0.9225    0.0111   0.01193   0.06282
   147/249      1.8G   0.01234  0.003173   0.01186   0.02737       114       224    0.9706    0.9859    0.9888    0.9253   0.01078   0.01287   0.07373
   148/249      1.8G   0.01228  0.003269   0.01177   0.02732       136       224    0.9794    0.9875    0.9931    0.9303   0.01287   0.01334   0.07868
   149/249      1.8G   0.01195  0.003636    0.0128   0.02838       135       224    0.9776    0.9429    0.9884    0.9215   0.01135   0.01109   0.08558
   150/249      1.8G   0.01233  0.003426   0.01209   0.02785       151       224    0.9585    0.9953    0.9938    0.9356   0.01208   0.01179   0.06624
   151/249      1.8G   0.01222  0.003381   0.01217   0.02777       131       224    0.9874    0.9778    0.9946     0.938    0.0123   0.01158   0.05482
   152/249      1.8G   0.01218  0.003231   0.01113   0.02654       133       224    0.9679    0.9911    0.9939    0.9329   0.01264   0.01193   0.06009
   153/249      1.8G   0.01229   0.00322    0.0112   0.02671       123       224    0.9698    0.9865    0.9919    0.9315   0.01226   0.01084   0.07043
   154/249      1.8G   0.01242  0.003467   0.01168   0.02757       144       224    0.9284    0.9767    0.9732    0.9103   0.01231    0.0102    0.0675
   155/249      1.8G   0.01212  0.003331   0.01167   0.02712       131       224    0.9264    0.9773     0.986    0.9188   0.01257   0.01156   0.08679
   156/249      1.8G   0.01182  0.003517   0.01165   0.02699       148       224    0.9782    0.9803     0.991    0.9322   0.01212   0.01215   0.06629
   157/249      1.8G   0.01219  0.003423   0.01189    0.0275       159       224    0.9742    0.9538    0.9881    0.9296   0.01158   0.01151    0.0852
   158/249      1.8G   0.01222  0.003388   0.01205   0.02765       161       224    0.9283    0.9227    0.9732     0.907     0.012   0.01098   0.07678
   159/249      1.8G   0.01194  0.003332   0.01169   0.02696       142       224    0.9418    0.9438     0.975    0.9101   0.01205   0.01191   0.07788
   160/249      1.8G   0.01172  0.003344   0.01213   0.02719       131       224    0.9862    0.9594    0.9878    0.9295    0.0115   0.01249   0.07897
   161/249      1.8G   0.01186  0.003602   0.01168   0.02714       146       224    0.9549    0.9498    0.9828    0.9196   0.01169   0.01155   0.06758
   162/249      1.8G   0.01161  0.003459   0.01048   0.02555       150       224    0.9702    0.9399    0.9862    0.9253   0.01129   0.01257    0.0741
   163/249      1.8G   0.01183  0.003291    0.0111   0.02622       126       224    0.9785    0.9806    0.9926    0.9312   0.01173   0.01436   0.07668
   164/249      1.8G   0.01167  0.003482   0.01113   0.02628       161       224    0.9669    0.9729     0.991    0.9287   0.01172   0.01144   0.07147
   165/249      1.8G   0.01175  0.003333   0.01111   0.02619       130       224     0.969    0.9627    0.9902    0.9263   0.01176   0.01329   0.07561
   166/249      1.8G   0.01169  0.003256    0.0111   0.02604       140       224    0.9825    0.9724    0.9869    0.9255   0.01097    0.0141   0.07416
   167/249      1.8G   0.01165  0.003299   0.01089   0.02584       140       224    0.9675    0.9738    0.9887    0.9239   0.01113   0.01209   0.08278
   168/249      1.8G   0.01137  0.003229   0.01103   0.02563       134       224    0.9536    0.9799    0.9891     0.927   0.01084    0.0121   0.07868
   169/249      1.8G   0.01184  0.003436   0.01071   0.02598       147       224    0.9568      0.97    0.9875    0.9241   0.01185   0.01136   0.06972
   170/249      1.8G   0.01136  0.003226   0.01113   0.02572       121       224    0.9671    0.9852    0.9915    0.9327   0.01166   0.01172   0.07403
   171/249      1.8G   0.01144  0.003251   0.01031   0.02499       138       224    0.9605    0.9804    0.9885     0.927   0.01187   0.01242   0.06814
   172/249      1.8G   0.01145  0.003306   0.01075   0.02551       151       224    0.9735    0.9665    0.9868    0.9323   0.01139   0.01315   0.08549
   173/249      1.8G   0.01139  0.003468   0.01116   0.02602       133       224    0.9461    0.9865    0.9786      0.92   0.01094   0.01174   0.08723
   174/249      1.8G   0.01145  0.003242   0.01075   0.02544       152       224    0.9784    0.9662    0.9866    0.9244   0.01113   0.01221   0.07435
   175/249      1.8G   0.01138  0.003034   0.01022   0.02464       135       224    0.9757    0.9637    0.9884     0.925   0.01136   0.01241   0.07431
   176/249      1.8G   0.01138  0.003076   0.01042   0.02487       144       224    0.9852    0.9609    0.9895    0.9322   0.01071   0.01272   0.07806
   177/249      1.8G    0.0116  0.003161   0.01082   0.02558       140       224    0.9737    0.9594    0.9893    0.9317   0.01078    0.0127   0.08989
   178/249      1.8G    0.0113  0.003101   0.01056   0.02496       132       224     0.986    0.9647    0.9909    0.9326   0.01099   0.01219   0.08597
   179/249      1.8G   0.01136  0.003228   0.01068   0.02526       121       224    0.9862    0.9768    0.9927    0.9329   0.01102   0.01189   0.08063
   180/249      1.8G   0.01138  0.003041   0.01077    0.0252       120       224    0.9668    0.9921    0.9936    0.9338   0.01175   0.01196   0.08971
   181/249      1.8G   0.01156  0.003216   0.01093    0.0257       160       224    0.9872    0.9808    0.9951    0.9365   0.01142   0.01168   0.07831
   182/249      1.8G   0.01137  0.003331   0.01114   0.02584       149       224    0.9879     0.966    0.9945    0.9321   0.01107    0.0116   0.08351
   183/249      1.8G   0.01129  0.003211   0.01049   0.02499       147       224    0.9686    0.9618    0.9915    0.9307   0.01151   0.01196     0.083
   184/249      1.8G   0.01118  0.003292  0.009976   0.02445       137       224    0.9726    0.9705    0.9857    0.9287   0.01212   0.01207   0.09316
   185/249      1.8G    0.0113  0.003193   0.01001    0.0245       142       224    0.9626    0.9752    0.9882    0.9299   0.01188    0.0124   0.07665
   186/249      1.8G   0.01086  0.003268   0.01021   0.02433       136       224    0.9768    0.9852    0.9924    0.9285   0.01135   0.01175   0.08223
   187/249      1.8G   0.01118  0.003378   0.01064    0.0252       157       224    0.9884    0.9562    0.9919    0.9355   0.01128    0.0121   0.08798
   188/249      1.8G   0.01076  0.003033   0.00995   0.02374       129       224    0.9654    0.9775    0.9873    0.9316   0.01117   0.01169   0.07861
   189/249      1.8G   0.01103  0.002965   0.00989   0.02388       167       224    0.9718    0.9855    0.9876    0.9305   0.01108   0.01218   0.07303
   190/249      1.8G   0.01111  0.003018   0.01002   0.02415       154       224     0.979    0.9678    0.9876    0.9324   0.01134   0.01232   0.07655
   191/249      1.8G     0.011  0.002895  0.009712   0.02361       146       224    0.9721    0.9847     0.987    0.9325   0.01141   0.01223   0.07294
   192/249      1.8G   0.01102  0.003055  0.009909   0.02398       127       224    0.9652    0.9563    0.9874    0.9295   0.01083    0.0122   0.08244
   193/249      1.8G   0.01075  0.002891   0.01013   0.02377       144       224    0.9564    0.9796    0.9887    0.9326   0.01098   0.01206   0.06004
   194/249      1.8G   0.01063  0.002948  0.009686   0.02326       131       224    0.9611    0.9876    0.9889    0.9363   0.01123   0.01219   0.06728
   195/249      1.8G   0.01095  0.003034   0.01017   0.02416       145       224    0.9538    0.9668    0.9875    0.9328   0.01129    0.0125   0.08325
   196/249      1.8G    0.0112   0.00301  0.009672   0.02389       131       224    0.9514     0.947    0.9825    0.9239   0.01142   0.01265   0.08868
   197/249      1.8G   0.01095  0.002965  0.009135   0.02305       145       224    0.9465    0.9737    0.9863    0.9296   0.01118   0.01228   0.07857
   198/249      1.8G   0.01066  0.002852  0.009574   0.02308       143       224    0.9739    0.9799    0.9863    0.9325   0.01106   0.01241   0.07628
   199/249      1.8G   0.01079  0.002926  0.009422   0.02314       143       224     0.974     0.984    0.9878    0.9341    0.0113   0.01257   0.07156
   200/249      1.8G   0.01098  0.003009  0.009973   0.02396       133       224    0.9795    0.9721    0.9888    0.9316   0.01115   0.01224   0.07013
   201/249      1.8G   0.01098  0.002996  0.009914   0.02389       125       224    0.9701    0.9797    0.9871    0.9297   0.01128   0.01223   0.07937
   202/249      1.8G   0.01093  0.002957  0.009894   0.02378       152       224    0.9785    0.9771    0.9886    0.9318   0.01135   0.01224   0.07246
   203/249      1.8G   0.01085  0.002881  0.009377   0.02311       127       224    0.9624     0.992    0.9907    0.9335   0.01153   0.01252   0.06855
   204/249      1.8G   0.01075  0.003004  0.009633   0.02339       144       224    0.9602    0.9906    0.9914    0.9341   0.01138   0.01271   0.06874
   205/249      1.8G   0.01086  0.002962   0.01026   0.02408       141       224    0.9742    0.9725    0.9903    0.9311   0.01102   0.01225    0.0672
   206/249      1.8G   0.01081  0.002921  0.009858   0.02359       143       224    0.9849    0.9697    0.9936    0.9331   0.01094   0.01217   0.06509
   207/249      1.8G   0.01065  0.002878  0.009169   0.02269       137       224    0.9878    0.9944    0.9951    0.9337   0.01082    0.0125   0.06469
   208/249      1.8G   0.01067  0.002976  0.009469   0.02311       142       224    0.9852    0.9914    0.9938    0.9313   0.01074   0.01239   0.06769
   209/249      1.8G   0.01072  0.003021  0.009338   0.02308       137       224    0.9801    0.9742    0.9921    0.9314   0.01105   0.01217   0.06942
   210/249      1.8G    0.0107  0.002863  0.009303   0.02287       140       224    0.9862    0.9749    0.9933    0.9355   0.01091   0.01238   0.06509
   211/249      1.8G   0.01096  0.002913   0.01018   0.02405       145       224    0.9741    0.9752    0.9915    0.9326   0.01097   0.01235    0.0657
   212/249      1.8G   0.01081  0.002888  0.009789   0.02348       142       224     0.983     0.991    0.9933    0.9369   0.01088   0.01255   0.06623
   213/249      1.8G   0.01079  0.002864  0.009683   0.02334       134       224    0.9902    0.9924    0.9941    0.9339   0.01101   0.01264   0.06768
   214/249      1.8G   0.01068  0.002936  0.009315   0.02293       128       224    0.9843    0.9927     0.995    0.9375   0.01113   0.01333   0.07387
   215/249      1.8G   0.01072  0.002846  0.009432     0.023       122       224    0.9797    0.9979    0.9955    0.9359   0.01115   0.01319   0.07995
   216/249      1.8G   0.01091   0.00284  0.009577   0.02333       137       224    0.9882     0.998    0.9948    0.9347   0.01105   0.01276   0.07856
   217/249      1.8G   0.01055  0.002909  0.009129   0.02259       137       224    0.9904    0.9965    0.9944    0.9401   0.01093   0.01272   0.07803
   218/249      1.8G   0.01059   0.00291  0.009569   0.02307       146       224    0.9893    0.9813    0.9938    0.9409   0.01071   0.01284   0.08038
   219/249      1.8G   0.01054  0.002952  0.009201   0.02269       134       224    0.9765    0.9835    0.9923    0.9375   0.01066   0.01286   0.07696
   220/249      1.8G   0.01054  0.002952  0.009559   0.02305       132       224     0.966    0.9868     0.992    0.9359   0.01053   0.01262   0.07256
   221/249      1.8G   0.01027  0.002935  0.009306   0.02251       134       224    0.9712    0.9893    0.9924    0.9375   0.01058   0.01254   0.07324
   222/249      1.8G    0.0104  0.002842  0.009671   0.02292       153       224    0.9727    0.9907    0.9937    0.9375   0.01086   0.01261   0.07387
   223/249      1.8G   0.01029  0.002811  0.008468   0.02157       142       224    0.9811     0.988    0.9941    0.9403   0.01098   0.01276   0.07482
   224/249      1.8G   0.01065  0.002962  0.009761   0.02337       141       224    0.9915    0.9926    0.9955    0.9412   0.01107   0.01295   0.07542
   225/249      1.8G   0.01039  0.002777  0.009496   0.02267       123       224    0.9789    0.9991    0.9955     0.941   0.01091   0.01293   0.07746
   226/249      1.8G   0.01045  0.002872  0.009357   0.02268       126       224    0.9905    0.9824    0.9951    0.9389    0.0108   0.01287   0.07853
   227/249      1.8G   0.01024  0.002757  0.008884   0.02188       129       224    0.9857    0.9824    0.9949    0.9383   0.01076   0.01282   0.07722
   228/249      1.8G   0.01087  0.002941  0.009509   0.02332       123       224    0.9848    0.9821    0.9944    0.9356   0.01073   0.01274   0.07598
   229/249      1.8G   0.01062  0.002795  0.009287    0.0227       140       224    0.9792    0.9788    0.9942    0.9374    0.0107   0.01273   0.07567
   230/249      1.8G   0.01043  0.002888  0.009411   0.02273       141       224    0.9912    0.9793    0.9949    0.9383   0.01062    0.0128   0.07575
   231/249      1.8G   0.01064  0.002941  0.009516    0.0231       116       224    0.9911     0.981    0.9951    0.9411   0.01071   0.01281   0.07537
   232/249      1.8G   0.01044  0.002864  0.009335   0.02264       147       224    0.9907    0.9823    0.9951      0.94   0.01072   0.01286   0.07451
   233/249      1.8G   0.01013  0.002773  0.008866   0.02176       144       224    0.9882     0.983    0.9953    0.9399   0.01082   0.01288   0.07377
   234/249      1.8G   0.01036  0.002902  0.009511   0.02277       132       224    0.9751         1    0.9955    0.9408   0.01085   0.01286   0.07325
   235/249      1.8G   0.01031  0.002725  0.009119   0.02215       138       224     0.996    0.9831    0.9963    0.9387    0.0109   0.01281   0.07364
   236/249      1.8G   0.01047  0.002753  0.009377    0.0226       136       224    0.9894    0.9826    0.9958    0.9395   0.01086   0.01276   0.07429
   237/249      1.8G   0.01048  0.002816    0.0091   0.02239       160       224    0.9714    0.9991    0.9955    0.9406   0.01082   0.01281   0.07395
   238/249      1.8G   0.01052  0.002851  0.009697   0.02306       143       224    0.9715    0.9987    0.9954    0.9391   0.01081    0.0129   0.07362
   239/249      1.8G   0.01061  0.002745  0.009485   0.02284       155       224    0.9834    0.9827    0.9953    0.9387   0.01082   0.01293   0.07441
   240/249      1.8G   0.01035  0.002774  0.009246   0.02237       149       224    0.9867    0.9827    0.9953    0.9381   0.01082   0.01292   0.07555
   241/249      1.8G   0.01059  0.002642  0.009381   0.02261       146       224    0.9871    0.9827    0.9953    0.9372   0.01081    0.0129   0.07618
   242/249      1.8G   0.01045  0.002809  0.009657   0.02292       129       224    0.9879    0.9824    0.9955    0.9389   0.01079   0.01285   0.07659
   243/249      1.8G   0.01021    0.0028  0.009165   0.02218       115       224     0.985    0.9822    0.9956    0.9401   0.01074   0.01282   0.07651
   244/249      1.8G   0.01081  0.002828  0.009779   0.02341       151       224    0.9828    0.9822    0.9956    0.9364   0.01075   0.01281   0.07625
   245/249      1.8G   0.01023  0.002784  0.009313   0.02233       120       224    0.9688    0.9987    0.9955     0.937   0.01079   0.01278   0.07619
   246/249      1.8G   0.01037  0.002834  0.009382   0.02258       141       224    0.9697     0.998    0.9955    0.9388    0.0108   0.01279   0.07654
   247/249      1.8G   0.01017  0.002766  0.008959   0.02189       135       224    0.9688     0.998    0.9953    0.9378   0.01077   0.01278   0.07719
   248/249      1.8G   0.01045  0.002886  0.009019   0.02235       171       224     0.969     0.998    0.9951    0.9386   0.01076   0.01274   0.07759
   249/249      1.8G   0.01006  0.002827  0.008761   0.02165       152       224    0.9771    0.9976    0.9951    0.9378   0.01079   0.01272   0.07717
