     0/249    0.224G   0.06737  0.008416   0.04798    0.1238        25       224     0.115    0.4121    0.1211   0.03422   0.06842   0.01048   0.04483
     1/249    0.398G    0.0456  0.007557   0.04473   0.09788        32       224    0.1826    0.6735    0.2478   0.09569   0.06238  0.008211   0.04467
     2/249    0.491G   0.03718  0.006419   0.04128   0.08488        30       224     0.485    0.5889    0.5123    0.3227   0.04883  0.007842   0.04427
     3/249    0.493G   0.03405  0.006117   0.03386   0.07403        26       224    0.6512     0.654    0.6806    0.3343   0.05076  0.006725   0.03796
     4/249    0.493G   0.02961  0.006015   0.03004   0.06567        32       224    0.6544    0.7763    0.7559     0.543   0.04925  0.005839   0.03846
     5/249    0.493G   0.02649  0.005582   0.02454    0.0566        26       224    0.7581    0.8219    0.8141    0.6653   0.04379  0.006467   0.03438
     6/249    0.493G   0.02688  0.005156   0.02186   0.05389        29       224    0.7524    0.7994    0.8051    0.5945   0.04347  0.006868   0.03542
     7/249    0.493G   0.02508  0.004965    0.0232   0.05324        26       224    0.6665     0.836    0.7501    0.5846   0.04932  0.006192   0.03473
     8/249    0.493G    0.0232  0.004898   0.02336   0.05146        28       224    0.7395     0.894     0.802    0.6597    0.0456  0.006321   0.02903
     9/249    0.493G   0.02213  0.004752   0.02334   0.05022        26       224    0.7392    0.6995    0.8047    0.6772   0.03868  0.007006   0.03907
    10/249    0.493G   0.02146  0.004605   0.02232   0.04838        21       224    0.6875    0.7974    0.7685    0.6772   0.04156   0.00647   0.03406
    11/249    0.493G   0.02065  0.004438   0.02222    0.0473        18       224    0.7435    0.9044    0.8203    0.7291   0.03921  0.006793   0.02749
    12/249    0.493G   0.02024  0.004543   0.02025   0.04503        32       224    0.7787    0.8263    0.8453    0.7366    0.0336   0.00761   0.02671
    13/249    0.493G   0.01974  0.004455   0.01967   0.04387        24       224    0.8469    0.8398     0.856    0.7632   0.03445  0.007693    0.0268
    14/249    0.493G   0.01886  0.004273   0.01924   0.04237        25       224    0.8075    0.8458    0.8485    0.7561   0.03272  0.007761   0.02479
    15/249    0.493G    0.0191   0.00415   0.01804   0.04129        26       224    0.7533    0.8881    0.8491    0.7499   0.03273  0.007605   0.02454
    16/249    0.493G   0.01818   0.00412   0.01779   0.04009        27       224    0.8658    0.8981    0.9211    0.8185   0.02886  0.008738   0.02373
    17/249    0.493G   0.01784  0.004122   0.01743    0.0394        29       224    0.8069    0.9303    0.8875    0.7574   0.02633  0.009096   0.02638
    18/249    0.493G   0.01784   0.00412   0.01613   0.03809        21       224    0.9234    0.8562    0.9151    0.8342   0.02629  0.008767   0.02407
    19/249    0.493G   0.01748  0.004164   0.01595    0.0376        31       224    0.9122    0.8835    0.9469    0.8444   0.02571  0.008673   0.02165
    20/249    0.493G   0.01725  0.004252   0.01618   0.03769        36       224    0.8877    0.9069     0.934    0.8361   0.02269  0.008799   0.02444
    21/249    0.493G   0.01654  0.004211   0.01444   0.03519        25       224    0.8437    0.9508    0.9382    0.8476   0.02322  0.008463   0.02671
    22/249    0.493G   0.01702  0.004325   0.01443   0.03577        40       224    0.9241    0.8582    0.9204    0.8301    0.0234  0.008108   0.02377
    23/249    0.493G   0.01668   0.00432    0.0139    0.0349        26       224    0.9221     0.901    0.9487     0.856   0.02023  0.008334   0.02803
    24/249    0.493G   0.01689    0.0043   0.01373   0.03492        30       224    0.9314    0.8697    0.9406    0.8527   0.01927  0.007976   0.02554
    25/249    0.493G   0.01674  0.004385    0.0129   0.03402        38       224    0.8949    0.9094    0.9343    0.8576   0.02026  0.008178   0.02635
    26/249    0.493G   0.01625  0.004324   0.01299   0.03356        25       224    0.9387    0.9012    0.9316    0.8287   0.01851  0.008645   0.02391
    27/249    0.493G   0.01605  0.004324   0.01259   0.03296        19       224    0.9306    0.9386    0.9588    0.8774   0.01866  0.008515   0.02353
    28/249    0.493G   0.01633  0.004415   0.01237   0.03311        38       224    0.9227     0.922    0.9564    0.8558   0.01726  0.008072   0.02569
    29/249    0.493G   0.01582  0.004417   0.01228   0.03251        28       224    0.8993    0.9272    0.9487    0.8745   0.01601  0.008227    0.0254
    30/249    0.493G   0.01585  0.004408   0.01233   0.03259        32       224    0.8737    0.9082    0.9239    0.8367   0.01566  0.009561   0.02614
    31/249    0.493G   0.01553  0.004404    0.0125   0.03244        23       224     0.929    0.9399    0.9704    0.8847   0.01548  0.008356   0.02338
    32/249    0.493G   0.01504  0.004404   0.01151   0.03095        25       224    0.9125    0.9208    0.9592    0.8744   0.01572  0.008628   0.02457
    33/249    0.493G   0.01563  0.004435   0.01169   0.03175        32       224    0.9105    0.9193    0.9474    0.8705    0.0155  0.008939   0.02536
    34/249    0.493G    0.0153  0.004424   0.01198   0.03171        31       224    0.8916    0.9468    0.9558    0.8713   0.01371  0.008296   0.02405
    35/249    0.493G   0.01488  0.004304   0.01065   0.02984        25       224     0.933    0.9366    0.9585    0.8684     0.014  0.008772   0.02484
    36/249    0.493G   0.01514  0.004446   0.01147   0.03106        25       224    0.8919    0.9485    0.9425    0.8537   0.01429  0.008623   0.02352
    37/249    0.493G   0.01478  0.004397   0.01146   0.03064        36       224    0.9237    0.8955    0.9438    0.8607   0.01295  0.007545   0.02666
    38/249    0.493G   0.01436  0.004343    0.0108   0.02951        31       224    0.9455    0.9225    0.9646    0.8808   0.01343  0.008347   0.02447
    39/249    0.493G   0.01481  0.004408   0.01123   0.03045        25       224    0.8983    0.9432    0.9559    0.8711   0.01344  0.007837   0.02492
    40/249    0.493G   0.01467  0.004326    0.0108    0.0298        31       224     0.938    0.9556    0.9661    0.8883   0.01264  0.008107   0.02774
    41/249    0.493G   0.01474  0.004256  0.009898   0.02889        32       224    0.9067    0.9261    0.9627    0.8686   0.01237  0.008351   0.02893
    42/249    0.493G   0.01442  0.004261   0.01066   0.02934        36       224     0.914    0.9101    0.9498    0.8693   0.01259  0.007974   0.02365
    43/249    0.493G   0.01436  0.004232   0.01046   0.02905        25       224    0.9204    0.9276     0.968    0.8725   0.01318  0.008483   0.02314
    44/249    0.493G   0.01448  0.004267   0.01057   0.02931        22       224    0.9354    0.9321    0.9636    0.8787   0.01198    0.0087   0.02828
    45/249    0.493G   0.01392  0.004307   0.01024   0.02847        34       224    0.9086    0.9691    0.9711    0.8795   0.01224  0.008781   0.02323
    46/249    0.493G   0.01433  0.004147  0.009629   0.02811        30       224    0.9125      0.96    0.9638    0.8783   0.01151  0.008285    0.0239
    47/249    0.493G   0.01402   0.00427   0.01002   0.02831        22       224     0.957    0.9363    0.9703    0.8959   0.01184  0.009004    0.0208
    48/249    0.493G   0.01399  0.004338   0.01055   0.02888        32       224    0.9019     0.979    0.9807     0.906   0.01139  0.008442   0.02179
    49/249    0.493G   0.01383  0.004188  0.009386   0.02741        37       224     0.917     0.958    0.9758    0.8892   0.01219  0.008999   0.03239
    50/249    0.493G   0.01384  0.004188    0.0105   0.02852        20       224    0.8948    0.9511     0.953    0.8734   0.01209  0.008308   0.02523
    51/249    0.493G   0.01388  0.004162  0.009796   0.02784        28       224    0.9332    0.9211    0.9672    0.8923   0.01188  0.009932   0.02507
    52/249    0.493G   0.01349  0.004053  0.009723   0.02727        29       224    0.9531     0.936    0.9738    0.8865   0.01247  0.008418   0.02428
    53/249    0.493G   0.01367  0.004222  0.009944   0.02784        25       224    0.9313    0.9596    0.9834    0.9071   0.01137  0.008996   0.02115
    54/249    0.493G   0.01347  0.004083   0.01002   0.02757        25       224    0.9562    0.9708    0.9838    0.9051   0.01175  0.008698   0.02248
    55/249    0.493G   0.01366  0.004024  0.008984   0.02667        20       224    0.9395    0.9684    0.9864    0.9026   0.01155  0.008763   0.02641
    56/249    0.493G   0.01351  0.003868  0.009394   0.02677        30       224     0.942     0.978    0.9843    0.9052   0.01149  0.008838   0.02624
    57/249    0.493G   0.01344  0.003968  0.009136   0.02654        24       224     0.929    0.9555    0.9779    0.8995   0.01157   0.00917   0.02893
    58/249    0.493G   0.01342  0.003851  0.008158   0.02543        26       224    0.9634      0.96    0.9828    0.9058    0.0116  0.009783   0.02197
    59/249    0.493G   0.01313  0.003897  0.008667   0.02569        29       224    0.9577    0.9694    0.9836    0.9089   0.01143  0.009708   0.03248
    60/249    0.493G   0.01343  0.004038  0.008522   0.02599        28       224    0.9492    0.9426    0.9763    0.8917   0.01206  0.009797   0.02338
    61/249    0.493G   0.01314  0.003914  0.009024   0.02607        26       224    0.9544     0.964    0.9872    0.9117   0.01111  0.008485   0.03048
    62/249    0.493G   0.01314  0.004057  0.009161   0.02636        28       224    0.9427    0.9297    0.9753    0.9017   0.01094  0.009097   0.02499
    63/249    0.493G    0.0131  0.003873  0.008814   0.02579        36       224    0.9643     0.965    0.9802    0.9058   0.01096  0.008711   0.02475
    64/249    0.493G   0.01271  0.003799  0.008664   0.02517        31       224    0.9406    0.9527    0.9753    0.8989   0.01089  0.009126   0.02957
    65/249    0.493G   0.01306  0.003863  0.008222   0.02515        26       224    0.9477    0.9482    0.9828    0.9034    0.0109  0.008735   0.02268
    66/249    0.493G   0.01267  0.003848  0.008452   0.02497        25       224    0.9451    0.9572    0.9782    0.9064   0.01101  0.009834   0.02296
    67/249    0.493G   0.01273  0.003805  0.008217   0.02475        36       224    0.9528    0.9627    0.9872    0.9224   0.01009  0.008902   0.02179
    68/249    0.493G   0.01307  0.003821  0.008496   0.02538        27       224    0.9533    0.9507    0.9729    0.8928   0.01127  0.009576   0.02477
    69/249    0.493G   0.01261  0.003646  0.007786   0.02404        26       224    0.9565    0.9716     0.984    0.9082    0.0104  0.009694   0.02152
    70/249    0.493G   0.01269  0.003848   0.00834   0.02488        25       224    0.9759     0.943    0.9881    0.9138   0.01067  0.009275   0.02168
    71/249    0.493G   0.01236  0.003677  0.008067   0.02411        30       224    0.9532    0.9609    0.9844    0.9183    0.0105  0.009942   0.02132
    72/249    0.493G    0.0127  0.003653  0.008787   0.02514        37       224    0.9638     0.956    0.9806     0.911   0.01082   0.01001   0.02278
    73/249    0.493G   0.01238   0.00371  0.007918   0.02401        22       224    0.9583    0.9672    0.9783     0.902   0.01062  0.009814   0.02124
    74/249    0.493G   0.01262  0.003732  0.008643   0.02499        20       224    0.9753    0.9651    0.9876    0.9076   0.01099  0.009732   0.02053
    75/249    0.493G   0.01231  0.003633  0.008016   0.02396        29       224     0.957    0.9782    0.9753    0.9112   0.01056      0.01   0.02075
    76/249    0.493G   0.01212  0.003643  0.007821   0.02359        24       224    0.9595    0.9718    0.9773    0.9101   0.01054  0.009757   0.01941
    77/249    0.493G   0.01218  0.003743  0.007661   0.02358        27       224    0.9678    0.9628    0.9886    0.9136   0.01068  0.009809   0.02115
    78/249    0.493G   0.01228  0.003732  0.008154   0.02417        33       224     0.975    0.9754    0.9938    0.9211   0.01073  0.009237    0.0184
    79/249    0.493G   0.01217  0.003664   0.00832   0.02416        30       224    0.9623    0.9821    0.9862    0.9176   0.01029  0.009918   0.01848
    80/249    0.493G   0.01203  0.003666  0.008223   0.02391        23       224    0.9851    0.9277    0.9837    0.9153   0.01098  0.009274   0.01965
    81/249    0.493G   0.01214  0.003575  0.007292   0.02301        28       224    0.9663     0.976    0.9836    0.9144    0.0104  0.009332   0.02078
    82/249    0.493G   0.01208  0.003602  0.007281   0.02296        29       224    0.9834    0.9561    0.9883    0.9201   0.01093  0.009527   0.02563
    83/249    0.493G   0.01206  0.003638  0.007819   0.02352        32       224    0.9721    0.9737    0.9871    0.9181  0.009906  0.009236   0.02091
    84/249    0.493G   0.01192  0.003471  0.007473   0.02287        26       224    0.9689    0.9691    0.9879    0.9102   0.01035   0.01087   0.02247
    85/249    0.493G   0.01202  0.003542  0.007517   0.02308        30       224    0.9509    0.9817    0.9866    0.9158   0.01005  0.009433    0.0199
    86/249    0.493G   0.01203   0.00358  0.007217   0.02282        24       224    0.9805    0.9888    0.9877    0.9208   0.01051  0.009547   0.01754
    87/249    0.493G   0.01173  0.003552  0.007414   0.02269        25       224    0.9776    0.9838     0.993    0.9237   0.01024  0.009671   0.01769
    88/249    0.493G   0.01162  0.003498  0.007181   0.02229        25       224    0.9924    0.9536    0.9904    0.9175   0.01109   0.01034   0.02186
    89/249    0.493G    0.0117  0.003499  0.007298   0.02249        25       224      0.98    0.9641    0.9835    0.9169      0.01  0.009939   0.01891
    90/249    0.493G   0.01184  0.003518  0.007333   0.02269        28       224    0.9821     0.978    0.9899    0.9241   0.01006   0.01035   0.02049
    91/249    0.493G   0.01197  0.003637  0.007967   0.02357        29       224    0.9723     0.977    0.9912    0.9295  0.009764   0.01013   0.01988
    92/249    0.493G   0.01148  0.003458  0.007617   0.02255        29       224    0.9816    0.9826     0.992    0.9236    0.0101  0.009865   0.02182
    93/249    0.493G   0.01132  0.003413  0.006991   0.02173        25       224    0.9913    0.9869    0.9927    0.9208   0.01005   0.01061   0.02164
    94/249    0.493G   0.01138  0.003487  0.007565   0.02243        26       224    0.9586    0.9677    0.9879    0.9272   0.01013   0.01005   0.02554
    95/249    0.493G   0.01146  0.003506  0.007294   0.02226        29       224    0.9734    0.9744    0.9896    0.9271   0.01041   0.01037   0.02208
    96/249    0.493G   0.01134  0.003511  0.007524   0.02238        26       224    0.9632    0.9797    0.9885    0.9155   0.01016   0.01025   0.02403
    97/249    0.493G   0.01135   0.00349  0.007237   0.02208        24       224    0.9845    0.9774    0.9942    0.9222  0.009971   0.01066   0.02027
    98/249    0.493G   0.01114  0.003392  0.007189   0.02173        20       224    0.9774    0.9677    0.9925    0.9169   0.01057  0.009958   0.01973
    99/249    0.493G   0.01143    0.0033   0.00733   0.02206        23       224    0.9879      0.96    0.9888    0.9181   0.01066   0.01067   0.02344
   100/249    0.493G    0.0113  0.003392  0.007019   0.02171        29       224    0.9671    0.9835    0.9902    0.9212  0.009756   0.01037   0.01926
   101/249    0.493G   0.01123  0.003265   0.00638   0.02088        27       224    0.9807    0.9716    0.9895    0.9243  0.009986   0.01063   0.02286
   102/249    0.493G   0.01124  0.003423   0.00717   0.02184        36       224    0.9965    0.9673     0.994    0.9293  0.009855   0.01023    0.0211
   103/249    0.493G    0.0111  0.003362  0.006544     0.021        26       224    0.9859    0.9666    0.9893    0.9298  0.009916   0.01038   0.01971
   104/249    0.493G   0.01118  0.003398  0.006936   0.02151        32       224    0.9826    0.9614    0.9929    0.9381   0.00995   0.01001   0.01797
   105/249    0.493G   0.01114  0.003398    0.0068   0.02134        26       224    0.9799    0.9544    0.9912     0.916  0.009906  0.009786   0.02252
   106/249    0.493G   0.01108  0.003365  0.006914   0.02136        42       224     0.954    0.9867    0.9901    0.9235   0.01003    0.0104    0.0194
   107/249    0.493G   0.01104  0.003368  0.006924   0.02133        23       224    0.9809    0.9836     0.993    0.9264  0.009758   0.01064   0.02173
   108/249    0.493G   0.01093  0.003259  0.006742   0.02093        26       224    0.9601    0.9806    0.9882    0.9281  0.009671   0.01048    0.0216
   109/249    0.493G   0.01095  0.003309  0.006557   0.02082        25       224    0.9893    0.9854    0.9953    0.9315  0.009948   0.01078   0.01998
   110/249    0.493G   0.01088  0.003216   0.00599   0.02008        31       224    0.9806    0.9816    0.9922    0.9291  0.009669   0.01106   0.02163
   111/249    0.493G   0.01072  0.003231  0.006871   0.02082        26       224    0.9704    0.9861    0.9871    0.9249  0.009883   0.01107   0.02548
   112/249    0.493G   0.01072  0.003181  0.006179   0.02008        25       224    0.9846    0.9686    0.9921    0.9288  0.009684   0.01126   0.02628
   113/249    0.493G   0.01059  0.003174  0.005963   0.01973        37       224    0.9786    0.9593    0.9922    0.9279  0.009895    0.0109    0.0234
   114/249    0.493G   0.01084  0.003195  0.006099   0.02014        21       224    0.9865    0.9673     0.992    0.9296   0.01041   0.01039     0.022
   115/249    0.493G   0.01096  0.003337  0.007123   0.02142        33       224    0.9656    0.9671    0.9874    0.9186   0.00966   0.01035   0.02042
   116/249    0.493G   0.01047  0.003207   0.00621   0.01989        24       224    0.9844    0.9728    0.9943    0.9253  0.009736   0.01057   0.01978
   117/249    0.493G   0.01047  0.003169  0.006305   0.01994        20       224    0.9813    0.9793    0.9945    0.9309   0.00951    0.0111   0.01824
   118/249    0.493G   0.01028  0.003049  0.006062    0.0194        25       224     0.986    0.9751     0.994    0.9332  0.009886   0.01092   0.01824
   119/249    0.493G   0.01053  0.003227  0.006172   0.01993        21       224    0.9777    0.9808     0.993    0.9273  0.009467   0.01044   0.01882
   120/249    0.493G   0.01073  0.003255   0.00662   0.02061        28       224     0.979    0.9775    0.9935    0.9239  0.009805   0.01062   0.01936
   121/249    0.493G   0.01033  0.003251  0.006486   0.02007        20       224    0.9784    0.9756    0.9949    0.9298  0.009573   0.01078   0.02077
   122/249    0.493G   0.01025  0.003123  0.006195   0.01957        29       224    0.9896    0.9898    0.9945    0.9319  0.009719   0.01037   0.01694
   123/249    0.493G   0.01023  0.003105  0.006009   0.01935        18       224    0.9751    0.9857     0.992    0.9248  0.009947   0.01075   0.01741
   124/249    0.493G   0.01051  0.003193  0.006267   0.01997        28       224    0.9706    0.9846    0.9931    0.9312  0.009609   0.01074   0.02041
   125/249    0.493G   0.01027  0.003113  0.006068   0.01945        34       224    0.9651    0.9817     0.991    0.9329  0.009459   0.01065   0.01802
   126/249    0.493G   0.01005  0.002983  0.005842   0.01887        42       224    0.9745    0.9776    0.9912    0.9214  0.009704   0.01179   0.02197
   127/249    0.493G   0.01024  0.003103  0.006279   0.01962        31       224    0.9854    0.9833    0.9894    0.9209  0.009729   0.01123   0.02048
   128/249    0.493G   0.01044  0.003243  0.006161   0.01984        31       224    0.9788    0.9865     0.992    0.9257   0.00976   0.01144   0.01954
   129/249    0.493G   0.01032  0.003196  0.006154   0.01967        26       224    0.9782    0.9846    0.9934    0.9324   0.00938   0.01131   0.01913
   130/249    0.493G   0.01006  0.003097  0.005843     0.019        26       224    0.9728    0.9865     0.989    0.9226  0.009298   0.01125   0.02105
   131/249    0.493G   0.01012  0.003016  0.005991   0.01912        26       224    0.9791    0.9887    0.9914    0.9219  0.009621   0.01155   0.02321
   132/249    0.493G   0.01022  0.003142  0.005824   0.01918        18       224      0.98    0.9924    0.9923    0.9298  0.009444   0.01195   0.02157
   133/249    0.493G    0.0101  0.003015  0.005906   0.01902        32       224    0.9885    0.9875    0.9942    0.9318  0.009195   0.01196   0.02103
   134/249    0.493G  0.009836  0.002993  0.005749   0.01858        30       224    0.9799    0.9829    0.9911    0.9275  0.009694   0.01133    0.0197
   135/249    0.493G   0.01001  0.003043  0.005866   0.01892        32       224    0.9726    0.9707    0.9913    0.9347   0.00931   0.01047   0.02372
   136/249    0.493G   0.01001  0.003012  0.006025   0.01904        20       224    0.9738    0.9719    0.9924    0.9345  0.009506   0.01105   0.02055
   137/249    0.493G  0.009899  0.003033  0.005379   0.01831        27       224    0.9839    0.9949    0.9939     0.933  0.009445   0.01136   0.02041
   138/249    0.493G  0.009796  0.003009  0.005725   0.01853        29       224    0.9746    0.9814     0.993    0.9267  0.009395   0.01124   0.02115
   139/249    0.493G  0.009805  0.002916  0.005461   0.01818        20       224    0.9736    0.9885    0.9867    0.9274  0.009283   0.01193   0.02166
   140/249    0.493G  0.009873  0.003024   0.00578   0.01868        24       224    0.9797    0.9868    0.9888    0.9286  0.009208   0.01153   0.02132
   141/249    0.493G  0.009675  0.002916   0.00545   0.01804        25       224    0.9924    0.9814    0.9935    0.9333  0.009182   0.01164   0.02084
   142/249    0.493G  0.009679  0.002992  0.005288   0.01796        26       224    0.9771     0.982    0.9904    0.9222  0.009341   0.01188   0.02188
   143/249    0.493G  0.009793  0.003043  0.005629   0.01846        37       224    0.9679    0.9792    0.9914    0.9283  0.009298   0.01169   0.02049
   144/249    0.493G  0.009778  0.003044  0.005872   0.01869        24       224    0.9854    0.9874     0.994    0.9327  0.009357   0.01144   0.01967
   145/249    0.493G  0.009537  0.002953   0.00565   0.01814        28       224    0.9917    0.9887    0.9953    0.9364  0.009236   0.01159   0.02129
   146/249    0.493G  0.009594  0.002937  0.005475   0.01801        33       224    0.9803     0.981    0.9923    0.9332  0.009155   0.01158   0.02069
   147/249    0.493G  0.009613  0.002937  0.005511   0.01806        26       224    0.9743    0.9852    0.9885    0.9304  0.009405   0.01178   0.02029
   148/249    0.493G  0.009597  0.002929  0.005075    0.0176        36       224    0.9722    0.9872    0.9889    0.9254  0.009132   0.01215   0.01967
   149/249    0.493G  0.009532  0.002895  0.005249   0.01768        24       224    0.9772    0.9895    0.9941     0.931  0.009425   0.01238    0.0212
   150/249    0.493G  0.009629  0.002944  0.005223    0.0178        25       224     0.973    0.9796    0.9893    0.9242  0.009056   0.01208   0.02283
   151/249    0.493G  0.009553  0.003001   0.00552   0.01807        22       224    0.9858    0.9786    0.9923    0.9356  0.009118   0.01233   0.02239
   152/249    0.493G  0.009547  0.002854  0.005258   0.01766        27       224     0.971    0.9929    0.9918    0.9356  0.009031   0.01202   0.02018
   153/249    0.493G  0.009495  0.002881  0.005301   0.01768        21       224    0.9727    0.9795    0.9883    0.9275  0.009049   0.01198   0.02199
   154/249    0.493G  0.009808  0.003032  0.005743   0.01858        34       224    0.9681     0.975    0.9918    0.9281  0.009246   0.01209   0.02217
   155/249    0.493G  0.009481  0.002933  0.005477   0.01789        29       224    0.9683     0.976    0.9909     0.932  0.009148   0.01241   0.02203
   156/249    0.493G  0.009419    0.0029  0.005655   0.01797        23       224    0.9676    0.9845    0.9905    0.9285  0.009361   0.01212   0.02143
   157/249    0.493G  0.009407  0.002902  0.005454   0.01776        39       224    0.9748    0.9899    0.9925     0.929  0.009265   0.01216   0.02121
   158/249    0.493G  0.009376  0.002841  0.005393   0.01761        23       224    0.9637    0.9855    0.9931    0.9333  0.009406   0.01249   0.02058
   159/249    0.493G  0.009321  0.002801  0.005105   0.01723        31       224    0.9744    0.9866    0.9946    0.9353  0.009136   0.01252   0.02108
   160/249    0.493G  0.009176  0.002815  0.004886   0.01688        34       224    0.9733    0.9921    0.9921    0.9342  0.009009   0.01237   0.02221
   161/249    0.493G  0.009399  0.002897   0.00534   0.01764        33       224    0.9738    0.9849    0.9929     0.937    0.0091    0.0128   0.02271
   162/249    0.493G  0.009317  0.002909  0.005063   0.01729        26       224    0.9781    0.9778     0.988    0.9329  0.009195   0.01288   0.02274
   163/249    0.493G  0.009339  0.002897  0.005294   0.01753        30       224    0.9799    0.9904    0.9911    0.9368  0.009295   0.01308   0.02222
   164/249    0.493G  0.009119  0.002934  0.005264   0.01732        29       224    0.9748    0.9908    0.9911    0.9335  0.009051   0.01247   0.02307
   165/249    0.493G  0.009304  0.002774  0.005049   0.01713        19       224    0.9753    0.9851    0.9932    0.9365  0.009016   0.01223   0.02173
   166/249    0.493G  0.009151  0.002823  0.005076   0.01705        27       224    0.9836    0.9904    0.9919    0.9317   0.00904     0.012   0.02018
   167/249    0.493G  0.009186   0.00286  0.005372   0.01742        33       224    0.9856     0.998    0.9942     0.935  0.008902   0.01264   0.02058
   168/249    0.493G   0.00903  0.002807  0.005081   0.01692        24       224    0.9801    0.9959    0.9924    0.9334  0.009081   0.01249   0.01984
   169/249    0.493G   0.00914  0.002799  0.004941   0.01688        32       224    0.9814     0.996    0.9922    0.9342  0.009186   0.01283    0.0202
   170/249    0.493G   0.00891  0.002752  0.004821   0.01648        27       224    0.9846    0.9928    0.9914    0.9328  0.009107   0.01257   0.01999
   171/249    0.493G  0.008999  0.002814  0.005025   0.01684        26       224    0.9811    0.9912    0.9922    0.9327   0.00914   0.01236   0.02039
   172/249    0.493G  0.009097  0.002775  0.004839   0.01671        37       224    0.9847    0.9849    0.9897    0.9324  0.009085   0.01225   0.01943
   173/249    0.493G  0.009022  0.002849  0.005178   0.01705        25       224    0.9858    0.9906    0.9931    0.9311  0.009059   0.01252    0.0187
   174/249    0.493G  0.009165  0.002757  0.004873    0.0168        29       224    0.9832    0.9906    0.9948    0.9381  0.008877   0.01262   0.01958
   175/249    0.493G  0.008893  0.002656  0.004731   0.01628        17       224    0.9852     0.993    0.9939    0.9336  0.008874     0.013   0.02212
   176/249    0.493G  0.008921  0.002759  0.004452   0.01613        31       224    0.9792    0.9887     0.994    0.9316  0.008781   0.01266   0.02131
   177/249    0.493G  0.009032  0.002759     0.005   0.01679        26       224    0.9743    0.9855    0.9929    0.9328  0.008778   0.01255   0.02093
   178/249    0.493G  0.009068  0.002707  0.004625    0.0164        33       224     0.978    0.9887    0.9929    0.9344   0.00891    0.0127    0.0207
   179/249    0.493G  0.008966  0.002718  0.004709   0.01639        20       224     0.979    0.9887    0.9939    0.9356  0.008887   0.01289   0.02068
   180/249    0.493G  0.008929  0.002712  0.004498   0.01614        31       224     0.985    0.9891    0.9936    0.9384  0.008897   0.01301   0.02015
   181/249    0.493G  0.009109  0.002763  0.005144   0.01702        20       224    0.9847    0.9911    0.9945    0.9352  0.008767   0.01299   0.01954
   182/249    0.493G  0.009028  0.002793  0.005045   0.01687        24       224    0.9848    0.9893     0.994    0.9347  0.008888   0.01312   0.01981
   183/249    0.493G  0.008903  0.002742  0.004944   0.01659        38       224    0.9785    0.9945     0.994    0.9342   0.00883    0.0133   0.02069
   184/249    0.493G  0.008859  0.002646  0.004693    0.0162        28       224    0.9845    0.9894    0.9957    0.9342  0.008922   0.01336   0.02069
   185/249    0.493G  0.008901  0.002658  0.004475   0.01603        21       224    0.9816    0.9949    0.9956    0.9376   0.00894   0.01342   0.02014
   186/249    0.493G  0.008726  0.002617  0.004521   0.01586        30       224    0.9902    0.9935    0.9969     0.932  0.008961    0.0135   0.01966
   187/249    0.493G  0.008999  0.002834  0.005074   0.01691        34       224    0.9895    0.9942    0.9965     0.939  0.008832    0.0133   0.01932
   188/249    0.493G  0.008574  0.002569  0.004512   0.01566        25       224    0.9905    0.9929    0.9967    0.9345  0.008958   0.01318   0.01902
   189/249    0.493G  0.008615   0.00267  0.004624   0.01591        37       224     0.985    0.9923    0.9964    0.9357  0.008977   0.01308   0.01871
   190/249    0.493G  0.008725  0.002679  0.004609   0.01601        27       224    0.9843    0.9919    0.9961    0.9354  0.008956   0.01318   0.01957
   191/249    0.493G  0.008669    0.0026  0.004501   0.01577        22       224    0.9914    0.9888    0.9963    0.9364  0.008948   0.01329   0.02011
   192/249    0.493G   0.00874  0.002691  0.004332   0.01576        37       224    0.9856    0.9897    0.9962    0.9359  0.009035   0.01346   0.02081
   193/249    0.493G  0.008548   0.00259  0.004385   0.01552        26       224     0.992    0.9915    0.9964    0.9368  0.008976   0.01342   0.02095
   194/249    0.493G  0.008431  0.002547  0.004472   0.01545        22       224    0.9916    0.9886    0.9957    0.9326  0.008988   0.01339   0.02114
   195/249    0.493G  0.008774  0.002669  0.004417   0.01586        28       224    0.9909    0.9971    0.9959    0.9359  0.008999   0.01341   0.02139
   196/249    0.493G    0.0088  0.002656   0.00437   0.01583        31       224    0.9919    0.9887    0.9955     0.935  0.009059   0.01359   0.02111
   197/249    0.493G  0.008607  0.002659  0.004247   0.01551        33       224    0.9913    0.9952    0.9962    0.9355  0.009063   0.01349   0.02085
   198/249    0.493G  0.008385  0.002533   0.00409   0.01501        26       224    0.9875    0.9968    0.9962    0.9344  0.009023   0.01349    0.0205
   199/249    0.493G  0.008692  0.002544  0.004537   0.01577        25       224    0.9908    0.9905    0.9959    0.9365  0.009023   0.01358   0.02076
   200/249    0.493G  0.008701  0.002643  0.004901   0.01624        32       224    0.9921    0.9852    0.9957    0.9323  0.009009   0.01354   0.02083
   201/249    0.493G  0.008703  0.002623  0.004835   0.01616        31       224    0.9917     0.987    0.9952    0.9333  0.008998   0.01351   0.02079
   202/249    0.493G  0.008494  0.002634  0.004518   0.01565        35       224    0.9921    0.9943    0.9955    0.9344     0.009   0.01356   0.02082
   203/249    0.493G  0.008536  0.002602   0.00417   0.01531        21       224     0.992    0.9944    0.9958    0.9351  0.009082   0.01373   0.02121
   204/249    0.493G  0.008654  0.002612  0.004405   0.01567        25       224     0.992    0.9943     0.995    0.9391  0.009006   0.01389   0.02125
   205/249    0.493G  0.008603  0.002585  0.004202   0.01539        24       224    0.9922    0.9936     0.995    0.9367  0.009028    0.0138   0.02107
   206/249    0.493G  0.008628  0.002581  0.004604   0.01581        25       224     0.992    0.9941     0.995    0.9338  0.009016   0.01375   0.02081
   207/249    0.493G  0.008526  0.002642  0.003993   0.01516        32       224    0.9907    0.9966    0.9956    0.9362     0.009   0.01373   0.02084
   208/249    0.493G  0.008386  0.002655  0.004204   0.01525        28       224    0.9898    0.9963    0.9956    0.9378   0.00902   0.01366   0.02064
   209/249    0.493G  0.008549  0.002616  0.004587   0.01575        30       224    0.9895    0.9968    0.9964    0.9402  0.009057   0.01366   0.02045
   210/249    0.493G  0.008427  0.002621  0.004226   0.01527        27       224    0.9903    0.9967    0.9964    0.9387  0.009103   0.01365   0.02037
   211/249    0.493G  0.008632  0.002601  0.004779   0.01601        29       224    0.9911    0.9969    0.9964    0.9385  0.009151   0.01381    0.0206
   212/249    0.493G  0.008551  0.002543   0.00475   0.01584        23       224    0.9915     0.998    0.9964    0.9394  0.009121   0.01406   0.02097
   213/249    0.493G  0.008445  0.002563  0.004247   0.01526        34       224     0.992    0.9971    0.9964    0.9381  0.009098     0.014   0.02113
   214/249    0.493G  0.008456  0.002519  0.003953   0.01493        17       224     0.992    0.9976    0.9964    0.9373  0.009081   0.01394   0.02108
   215/249    0.493G  0.008435  0.002487  0.004323   0.01524        30       224    0.9917     0.998    0.9964    0.9366  0.009066   0.01392   0.02126
   216/249    0.493G  0.008533  0.002652  0.004564   0.01575        35       224    0.9918     0.998    0.9964    0.9382  0.009036   0.01394   0.02128
   217/249    0.493G  0.008375   0.00257  0.003942   0.01489        29       224    0.9909     0.998    0.9959    0.9321  0.008997   0.01392   0.02105
   218/249    0.493G  0.008303  0.002471  0.004093   0.01487        31       224    0.9916    0.9949    0.9954     0.937  0.008932   0.01387   0.02087
   219/249    0.493G  0.008471   0.00258  0.004516   0.01557        27       224    0.9918    0.9964    0.9955    0.9357  0.008965     0.014   0.02086
   220/249    0.493G  0.008482  0.002578  0.004086   0.01515        20       224    0.9917    0.9968    0.9962    0.9338  0.008968   0.01398   0.02086
   221/249    0.493G  0.008209    0.0025  0.004207   0.01492        32       224    0.9919    0.9968    0.9962    0.9373  0.008931   0.01397   0.02089
   222/249    0.493G  0.008312   0.00255  0.004382   0.01524        23       224    0.9917    0.9968    0.9965    0.9378  0.008955   0.01399   0.02096
   223/249    0.493G  0.008293  0.002547  0.004141   0.01498        32       224    0.9918    0.9964    0.9965    0.9373  0.008938   0.01393   0.02095
   224/249    0.493G  0.008335    0.0026  0.004345   0.01528        22       224    0.9922    0.9963    0.9965    0.9365  0.008976   0.01392   0.02103
   225/249    0.493G  0.008353  0.002518  0.004218   0.01509        32       224    0.9922    0.9965    0.9965    0.9349  0.008931   0.01395   0.02106
   226/249    0.493G   0.00837  0.002527   0.00417   0.01507        27       224    0.9923    0.9963    0.9965     0.938  0.008911   0.01397   0.02104
   227/249    0.493G  0.008205  0.002433  0.003773   0.01441        24       224    0.9922    0.9958    0.9965     0.935  0.008912   0.01402     0.021
   228/249    0.493G  0.008616  0.002625  0.004568   0.01581        27       224     0.992    0.9964    0.9965    0.9351  0.008897   0.01396   0.02075
   229/249    0.493G  0.008304  0.002521  0.004347   0.01517        33       224    0.9919    0.9966    0.9965    0.9381  0.008927   0.01392   0.02058
   230/249    0.493G  0.008198  0.002536  0.004045   0.01478        34       224    0.9918    0.9966    0.9966     0.937  0.008925   0.01389    0.0204
   231/249    0.493G  0.008603  0.002592  0.004512   0.01571        33       224    0.9918    0.9966    0.9965     0.935   0.00894   0.01392   0.02028
   232/249    0.493G  0.008462  0.002634   0.00459   0.01569        28       224    0.9918    0.9968    0.9965     0.937   0.00894   0.01396   0.02026
   233/249    0.493G  0.008014  0.002447  0.003782   0.01424        26       224    0.9915     0.998    0.9965    0.9361  0.008939   0.01405   0.02034
   234/249    0.493G  0.008282  0.002576   0.00412   0.01498        34       224    0.9918    0.9977    0.9966    0.9377   0.00892   0.01411   0.02031
   235/249    0.493G  0.008179   0.00252  0.004184   0.01488        38       224     0.992     0.997    0.9963    0.9374  0.008913   0.01415   0.02032
   236/249    0.493G  0.008222  0.002487  0.003747   0.01446        24       224    0.9921    0.9969    0.9966    0.9376  0.008898   0.01417   0.02034
   237/249    0.493G   0.00822   0.00247  0.003977   0.01467        25       224    0.9919     0.997    0.9966    0.9389  0.008923   0.01418   0.02037
   238/249    0.493G  0.008384  0.002561  0.004511   0.01546        41       224    0.9919    0.9972    0.9966    0.9388  0.008949   0.01418   0.02039
   239/249    0.493G  0.008314   0.00249  0.003941   0.01474        28       224    0.9919    0.9971    0.9966    0.9382  0.008923   0.01419    0.0204
   240/249    0.493G  0.008276   0.00251  0.004035   0.01482        21       224    0.9921    0.9968    0.9963    0.9386   0.00892   0.01422    0.0204
   241/249    0.493G  0.008212  0.002474  0.004211    0.0149        19       224    0.9923    0.9966    0.9963     0.937  0.008936   0.01424   0.02041
   242/249    0.493G  0.008285  0.002566  0.004411   0.01526        29       224    0.9923    0.9965    0.9963    0.9361  0.008967   0.01427   0.02048
   243/249    0.493G  0.008076  0.002566  0.003946   0.01459        25       224    0.9923    0.9966    0.9963     0.937  0.008955   0.01428   0.02053
   244/249    0.493G  0.008291  0.002504  0.004204     0.015        39       224    0.9922    0.9967    0.9963    0.9375   0.00893   0.01429   0.02052
   245/249    0.493G  0.008201  0.002544  0.004127   0.01487        33       224    0.9921    0.9966    0.9963    0.9375  0.008929   0.01427   0.02052
   246/249    0.493G  0.008218  0.002537  0.003945    0.0147        24       224    0.9918    0.9965    0.9963     0.938  0.008908   0.01426   0.02051
   247/249    0.493G  0.008088  0.002492  0.003594   0.01417        31       224    0.9921    0.9964    0.9966    0.9391  0.008903   0.01428   0.02055
   248/249    0.493G  0.008258  0.002506  0.004002   0.01477        32       224    0.9923    0.9965    0.9966    0.9394  0.008908   0.01431   0.02053
   249/249    0.493G  0.008105  0.002502  0.004043   0.01465        31       224    0.9922    0.9967    0.9966    0.9387  0.008922   0.01437   0.02056
