     0/249    0.348G   0.07265   0.00818   0.04966    0.1305        59       224   0.04486   0.07912   0.02258  0.004522    0.0844   0.01031   0.04491
     1/249    0.675G   0.04908  0.008778   0.04539    0.1033        57       224    0.1492    0.7111    0.2085   0.06161   0.05933  0.009151   0.04412
     2/249     0.91G   0.03986  0.007201   0.04417   0.09124        78       224    0.2159    0.7989     0.286    0.1583   0.05122  0.008157    0.0441
     3/249     0.91G   0.03362  0.006874   0.04251   0.08301        64       224    0.7995     0.518    0.5472    0.3286     0.046  0.007804    0.0413
     4/249     0.91G   0.03003  0.006468    0.0384    0.0749        65       224     0.502    0.7228    0.6015    0.4461   0.04319  0.007601   0.03969
     5/249     0.91G   0.02709  0.006157   0.03267   0.06591        71       224    0.6366    0.7865    0.6952    0.5096   0.04585  0.006624   0.03617
     6/249     0.91G   0.02586  0.005583   0.02663   0.05807        69       224     0.669    0.8986    0.7522    0.6292   0.04291  0.006697   0.03481
     7/249    0.921G   0.02724  0.005387   0.02426   0.05689        52       224    0.6194    0.8167    0.7081    0.4493   0.05036   0.00651   0.03694
     8/249    0.921G   0.02683  0.005308   0.02185   0.05399        59       224    0.6811    0.9043    0.7997    0.5923   0.04475  0.006526   0.03277
     9/249    0.921G   0.02403  0.005065   0.02128   0.05037        63       224     0.681    0.7701    0.7585    0.5507   0.04501   0.00684   0.03647
    10/249    0.921G   0.02341  0.004865   0.02059   0.04886        62       224    0.6191     0.901    0.7607    0.5545   0.04471  0.006913   0.03751
    11/249    0.921G   0.02289  0.004777   0.02128   0.04895        66       224    0.7108    0.7486    0.7538    0.6521   0.03949  0.006568   0.04089
    12/249    0.921G   0.02208  0.004798   0.02138   0.04826        71       224    0.7366    0.8189    0.8291    0.6761   0.04033  0.006344   0.04364
    13/249    0.921G   0.02211  0.004686   0.02029   0.04709        54       224    0.7859    0.7546    0.8355    0.6978   0.03799  0.007004   0.04001
    14/249    0.921G     0.022  0.004602    0.0209    0.0475        61       224    0.7771    0.9455    0.8873    0.7646   0.03925  0.007727   0.03264
    15/249    0.921G   0.02137  0.004501   0.02058   0.04646        65       224    0.7782     0.809    0.7973    0.6887   0.04113   0.00708   0.03721
    16/249    0.921G   0.02062  0.004475   0.01897   0.04406        59       224    0.7532    0.8646    0.8506    0.7226   0.03731  0.007147   0.03757
    17/249    0.921G   0.01986  0.004485   0.01872   0.04307        66       224    0.8354    0.9011    0.8967    0.7019   0.03658  0.007639   0.03375
    18/249    0.921G   0.01966  0.004446   0.01774   0.04185        54       224    0.7914    0.9126    0.9165    0.8089   0.03157  0.007453   0.03151
    19/249    0.921G   0.01855  0.004288   0.01633   0.03917        63       224    0.8816    0.9054    0.9405    0.8335   0.03231   0.00764   0.03054
    20/249    0.921G   0.01844  0.004364   0.01676   0.03956        63       224    0.8166    0.9242    0.9088     0.821   0.03148  0.007776   0.02867
    21/249    0.921G   0.01839  0.004263    0.0153   0.03795        64       224    0.9097    0.8923    0.9449    0.8226   0.03273  0.007909   0.03319
    22/249    0.921G   0.01804  0.004337   0.01535   0.03773        74       224      0.89    0.8918    0.9388    0.8317   0.02943  0.007843   0.03007
    23/249    0.921G   0.01719  0.004271   0.01476   0.03622        56       224    0.9283    0.8985    0.9432    0.8491   0.02887  0.007965   0.02891
    24/249    0.921G   0.01724  0.004223   0.01508   0.03655        75       224    0.9028    0.9377    0.9592    0.8446   0.02914  0.008242   0.02639
    25/249    0.921G   0.01675  0.004237   0.01437   0.03536        56       224    0.9369    0.9134    0.9566    0.8634   0.02755  0.008187   0.02901
    26/249    0.921G   0.01723  0.004208   0.01463   0.03607        50       224    0.8914    0.8998    0.9402    0.8499   0.02721  0.008251   0.03159
    27/249    0.921G   0.01667  0.004156   0.01464   0.03547        57       224    0.9064     0.871    0.9681    0.8753   0.02524  0.008589   0.02898
    28/249    0.921G   0.01623  0.004277   0.01539    0.0359        60       224     0.898    0.8774    0.9275    0.8327   0.02337  0.007634   0.02977
    29/249    0.921G   0.01643  0.004172   0.01373   0.03433        80       224    0.9251    0.9458    0.9701    0.8587   0.02316  0.008281    0.0301
    30/249    0.921G   0.01627  0.004105    0.0126   0.03298        66       224    0.8255    0.8793    0.9434    0.8517   0.02229  0.008243   0.03182
    31/249    0.923G   0.01591  0.004056   0.01305   0.03301        58       224    0.9342    0.8927    0.9577    0.8655   0.02265  0.009075   0.02976
    32/249    0.923G   0.01617  0.004107   0.01284   0.03311        66       224    0.9621    0.9157    0.9731    0.8727   0.02171     0.008   0.03189
    33/249    0.923G   0.01614   0.00422   0.01272   0.03308        59       224     0.949    0.9151    0.9706     0.883   0.02197  0.008508   0.03277
    34/249    0.923G   0.01588  0.004239    0.0127   0.03283        71       224    0.9138     0.931    0.9568     0.878   0.02063  0.009013   0.04093
    35/249    0.923G   0.01536  0.004162   0.01131   0.03083        60       224     0.931    0.9455    0.9796    0.8924   0.02022  0.007938   0.03169
    36/249    0.923G   0.01546   0.00414    0.0117   0.03129        66       224    0.9473    0.9293    0.9791    0.8839   0.02061  0.008476   0.02597
    37/249    0.923G   0.01547  0.004159    0.0118   0.03142        66       224    0.9577    0.9394    0.9666    0.8863   0.01954  0.008573   0.02701
    38/249    0.923G   0.01502  0.004253    0.0116   0.03087        58       224     0.936    0.9262    0.9639     0.871   0.01898  0.008289   0.02316
    39/249    0.923G   0.01507  0.004188   0.01107   0.03033        58       224    0.9525    0.9537    0.9818    0.9039   0.01868  0.007711   0.02804
    40/249    0.923G   0.01518  0.004116   0.01077   0.03007        65       224    0.8885    0.9536    0.9649    0.8737   0.01803  0.008348   0.04277
    41/249    0.923G   0.01476   0.00409   0.01066   0.02952        75       224     0.916    0.9428    0.9704    0.8814   0.01747  0.008124   0.02911
    42/249    0.923G   0.01457  0.004174   0.01133   0.03008        62       224    0.9581    0.9478    0.9875    0.9006   0.01822  0.008196   0.02665
    43/249    0.923G   0.01448   0.00401   0.01024   0.02874        65       224    0.9265    0.9688     0.977    0.8876   0.02014  0.008829   0.02475
    44/249    0.923G   0.01464  0.004048   0.01046   0.02915        58       224    0.9114    0.9547    0.9797    0.8927   0.01744  0.008438   0.02983
    45/249    0.923G   0.01445   0.00412   0.01018   0.02875        58       224    0.9567    0.9285    0.9788    0.9005   0.01764  0.009067   0.03144
    46/249    0.923G   0.01402  0.004082  0.009848   0.02795        72       224    0.9681    0.9755    0.9926    0.9104   0.01674   0.00835   0.02483
    47/249    0.923G   0.01407   0.00417   0.01013   0.02836        67       224    0.9202    0.9428    0.9799    0.9061    0.0152  0.008561   0.02823
    48/249    0.923G   0.01426  0.004206   0.01084    0.0293        62       224    0.9576    0.9708    0.9884    0.8937   0.01864  0.007854   0.02406
    49/249    0.923G    0.0141  0.004053   0.01014   0.02829        68       224    0.9723    0.9188    0.9802    0.9137   0.01565  0.008364   0.02702
    50/249    0.923G   0.01427  0.003938  0.009518   0.02772        65       224    0.9855    0.9744    0.9943    0.9158    0.0154  0.008818   0.02728
    51/249    0.923G   0.01395  0.003879  0.009377    0.0272        75       224    0.9681    0.9346    0.9811    0.9041   0.01512  0.009045   0.02851
    52/249    0.923G   0.01426  0.003736  0.008571   0.02656        45       224    0.9747     0.931    0.9848    0.9121   0.01592  0.008569   0.03153
    53/249    0.923G   0.01384  0.003935  0.009636   0.02741        61       224    0.9646    0.9508    0.9835    0.9043   0.01565  0.009445   0.02418
    54/249    0.923G   0.01383    0.0038  0.009434   0.02707        58       224    0.9619    0.9622    0.9831    0.9137   0.01469   0.00935   0.02333
    55/249    0.923G   0.01379  0.003872  0.009039    0.0267        61       224    0.9392    0.9456    0.9833    0.9132   0.01384  0.008964   0.03617
    56/249    0.923G   0.01353  0.003697  0.008675   0.02591        69       224    0.9689    0.9532    0.9826    0.9066   0.01541   0.00864   0.03154
    57/249    0.923G   0.01349  0.004008  0.009465   0.02696        70       224    0.9481    0.9646    0.9887    0.9175   0.01385  0.008761   0.02931
    58/249    0.923G   0.01373  0.003708  0.008288   0.02573        63       224    0.9568    0.9177     0.982    0.9041   0.01426   0.01031   0.03473
    59/249    0.923G   0.01326  0.003914  0.008824     0.026        57       224    0.9462    0.9225    0.9766    0.9001   0.01457  0.009001   0.02538
    60/249    0.923G   0.01373  0.003955  0.008925   0.02661        78       224    0.9006    0.9668     0.979    0.9045    0.0135  0.008822   0.03151
    61/249    0.923G   0.01327  0.003719  0.008514    0.0255        59       224    0.9359    0.9892    0.9898    0.9203   0.01384  0.008802   0.02447
    62/249    0.923G   0.01346  0.003931  0.008488   0.02588        72       224    0.9393    0.9325    0.9745    0.8987   0.01389  0.009603   0.03777
    63/249    0.923G   0.01295  0.003739  0.008585   0.02527        61       224    0.9492    0.9308     0.966    0.8933   0.01365  0.009072   0.02918
    64/249    0.923G    0.0131  0.003866  0.008835    0.0258        66       224    0.9328    0.9675    0.9806    0.9048   0.01332  0.008694   0.03289
    65/249    0.923G   0.01275  0.003845  0.008891   0.02549        55       224    0.9524    0.9783    0.9879    0.9155   0.01279  0.009595   0.03094
    66/249    0.923G   0.01308  0.003888  0.008809   0.02578        64       224    0.9676     0.958    0.9896    0.9193    0.0129  0.008999   0.03197
    67/249    0.923G   0.01289  0.003806  0.008362   0.02506        68       224    0.9794    0.9768    0.9931    0.9232   0.01331  0.009874   0.02925
    68/249    0.923G   0.01298   0.00381  0.008501   0.02529        86       224    0.9548    0.9593    0.9782    0.8992    0.0124  0.008979   0.02526
    69/249    0.923G   0.01287  0.003733  0.008377   0.02498        74       224    0.9531    0.9468    0.9797    0.9016   0.01314   0.00943   0.02179
    70/249    0.923G   0.01273  0.003798  0.008173    0.0247        56       224    0.9911    0.9505    0.9919     0.922   0.01256  0.009147   0.02383
    71/249    0.923G   0.01251  0.003616   0.00796   0.02408        57       224    0.9573    0.9743      0.99    0.9177   0.01225  0.009958   0.02508
    72/249    0.923G   0.01281  0.003663  0.008496   0.02497        69       224    0.9582    0.9463    0.9786    0.9018   0.01229   0.00954   0.03082
    73/249    0.923G   0.01239  0.003611  0.007625   0.02363        59       224    0.9807    0.9489    0.9897     0.914   0.01375  0.009854   0.02216
    74/249    0.923G   0.01247  0.003594  0.007989   0.02405        67       224    0.9247    0.9703    0.9829    0.9094   0.01138   0.01031   0.03134
    75/249    0.923G   0.01226  0.003636  0.007834   0.02373        69       224    0.9673    0.9789    0.9908    0.9213   0.01121  0.009555   0.02627
    76/249    0.923G   0.01252  0.003547  0.007802   0.02387        66       224    0.9699      0.97    0.9917    0.9252   0.01132  0.009852   0.02268
    77/249    0.923G   0.01264  0.003634  0.007652   0.02393        65       224    0.9727    0.9724    0.9941    0.9106   0.01134   0.01033   0.03879
    78/249    0.923G   0.01254  0.003714  0.008159   0.02441        61       224    0.9736     0.984    0.9922    0.9171   0.01255  0.009876   0.02182
    79/249    0.923G   0.01227  0.003696  0.008119   0.02409        62       224    0.9377    0.9579    0.9855    0.9119   0.01109  0.009784    0.0331
    80/249    0.923G   0.01218  0.003623  0.007983   0.02378        63       224    0.9739    0.9631    0.9919    0.9244   0.01141  0.009769   0.02442
    81/249    0.923G   0.01212  0.003558  0.007673   0.02335        64       224     0.983    0.9885    0.9928    0.9216    0.0113   0.01032   0.02135
    82/249    0.923G    0.0123  0.003528  0.007537   0.02336        47       224    0.9645    0.9835    0.9916    0.9122   0.01164   0.01035   0.02402
    83/249    0.923G   0.01205  0.003542  0.007643   0.02323        64       224    0.9799    0.9745    0.9915    0.9186   0.01101  0.009916   0.02263
    84/249    0.923G    0.0121  0.003511  0.007128   0.02274        71       224    0.9667    0.9569    0.9846    0.9249   0.01114  0.009853   0.03192
    85/249    0.923G   0.01212  0.003518  0.007588   0.02323        75       224     0.966     0.987    0.9928    0.9133   0.01172   0.01051   0.02743
    86/249    0.923G   0.01218  0.003527  0.007257   0.02296        71       224    0.9698     0.989    0.9925    0.9238    0.0107   0.01065   0.03403
    87/249    0.923G   0.01192  0.003455  0.007051   0.02242        62       224    0.9717    0.9877    0.9898    0.9258   0.01064  0.009794   0.02221
    88/249    0.923G   0.01187  0.003444  0.007223   0.02253        67       224    0.9614    0.9729    0.9838    0.9127   0.01092  0.009852   0.02172
    89/249    0.923G   0.01187   0.00343   0.00696   0.02226        60       224    0.9738    0.9745    0.9921    0.9204    0.0108   0.01106   0.02166
    90/249    0.923G   0.01182  0.003441  0.006711   0.02197        62       224    0.9711    0.9749    0.9872    0.9099   0.01122  0.009897   0.02469
    91/249    0.923G   0.01188   0.00356  0.007612   0.02305        60       224    0.9675      0.99    0.9898    0.9228   0.01044   0.01018   0.02111
    92/249    0.923G   0.01168  0.003297  0.006621    0.0216        66       224    0.9634    0.9832    0.9936    0.9239   0.01098   0.01005   0.02032
    93/249    0.923G   0.01151  0.003434  0.007596   0.02253        57       224    0.9711    0.9803    0.9911    0.9299   0.01043   0.01009   0.02103
    94/249    0.923G   0.01144  0.003484  0.007348   0.02228        65       224    0.9748    0.9653     0.994    0.9315   0.01004   0.01012   0.02782
    95/249    0.923G   0.01149  0.003397  0.006893   0.02178        60       224     0.977    0.9725    0.9917    0.9299   0.01053    0.0108   0.02122
    96/249    0.923G   0.01131  0.003394  0.006918   0.02162        73       224    0.9817    0.9671    0.9929    0.9265   0.01045   0.01078   0.02036
    97/249    0.923G   0.01168   0.00346  0.007232   0.02237        82       224    0.9749    0.9697    0.9906    0.9218   0.01049  0.009962   0.02137
    98/249    0.923G   0.01129  0.003238  0.006673    0.0212        55       224    0.9876    0.9649    0.9917    0.9259   0.01058   0.01047   0.02218
    99/249    0.923G   0.01116  0.003276   0.00691   0.02134        63       224    0.9745     0.984    0.9916    0.9212   0.01063   0.01064   0.02209
   100/249    0.923G   0.01149   0.00345  0.007214   0.02216        71       224    0.9777    0.9891     0.995    0.9293   0.01055   0.01081   0.02175
   101/249    0.923G   0.01124  0.003239   0.00639   0.02087        60       224    0.9786     0.984     0.995    0.9324    0.0108   0.01149   0.02109
   102/249    0.923G   0.01126  0.003299  0.006647   0.02121        64       224    0.9735    0.9911    0.9945    0.9297   0.01068   0.01056   0.02065
   103/249    0.923G   0.01136  0.003462  0.006781   0.02161        62       224     0.976    0.9785    0.9937    0.9211   0.01122   0.01007   0.02632
   104/249    0.923G    0.0113  0.003272  0.006481   0.02106        70       224    0.9611    0.9712    0.9891    0.9272  0.009666   0.01046   0.02199
   105/249    0.923G   0.01097  0.003254  0.006712   0.02093        55       224     0.971    0.9818    0.9938    0.9291   0.01032   0.01001   0.02188
   106/249    0.923G   0.01114  0.003238  0.006668   0.02105        70       224    0.9719    0.9776    0.9941    0.9264  0.009842   0.01027   0.02193
   107/249    0.923G   0.01092  0.003263  0.006937   0.02112        53       224    0.9705     0.979    0.9939    0.9299  0.009526    0.0102   0.02059
   108/249    0.923G   0.01078  0.003156  0.006402   0.02034        63       224    0.9732    0.9643    0.9915    0.9248  0.009866   0.01178   0.02083
   109/249    0.923G   0.01109  0.003239  0.006604   0.02093        61       224    0.9976    0.9841    0.9958    0.9259   0.01058   0.01142   0.01855
   110/249    0.923G   0.01101   0.00324  0.005987   0.02024        69       224      0.97    0.9624    0.9878    0.9253   0.01024     0.011   0.02156
   111/249    0.923G   0.01103  0.003121  0.006509   0.02066        69       224    0.9797    0.9721    0.9877    0.9255   0.01024   0.01051   0.02031
   112/249    0.923G   0.01076  0.003136     0.006    0.0199        47       224    0.9837    0.9553     0.991    0.9268  0.009868   0.01106   0.02293
   113/249    0.923G   0.01084  0.003095  0.005928   0.01986        58       224    0.9802    0.9941     0.995    0.9269  0.009494   0.01117   0.01998
   114/249    0.923G   0.01065  0.003115  0.005745   0.01951        56       224    0.9702    0.9683    0.9888    0.9211  0.009433   0.01181   0.01942
   115/249    0.923G   0.01107  0.003202  0.006594   0.02087        64       224    0.9914    0.9756    0.9957    0.9309  0.009876   0.01078   0.01917
   116/249    0.923G   0.01081   0.00315  0.006475   0.02044        68       224    0.9628    0.9674     0.989    0.9262   0.01002     0.011   0.02353
   117/249    0.923G   0.01071  0.003187   0.00612   0.02001        62       224    0.9653     0.981    0.9934    0.9327  0.009924   0.01171    0.0207
   118/249    0.923G   0.01045  0.002967  0.005779    0.0192        60       224     0.984    0.9676    0.9948    0.9303  0.009598   0.01195   0.02034
   119/249    0.923G   0.01062  0.003256  0.005983   0.01986        56       224    0.9745    0.9833    0.9956     0.933  0.009994   0.01134   0.02016
   120/249    0.923G   0.01061  0.003182  0.006468   0.02026        68       224    0.9863    0.9863    0.9964    0.9303  0.009582   0.01109   0.01982
   121/249    0.923G   0.01042  0.003115  0.006676   0.02021        75       224    0.9829    0.9845    0.9935    0.9302  0.009798   0.01211   0.01998
   122/249    0.923G   0.01058  0.003039   0.00593   0.01955        66       224    0.9861    0.9793    0.9954     0.931   0.01014   0.01233   0.02022
   123/249    0.923G   0.01053  0.003127   0.00627   0.01993        67       224    0.9818    0.9924    0.9931    0.9288  0.009963   0.01179   0.01853
   124/249    0.923G    0.0107  0.003068   0.00637   0.02014        67       224    0.9756    0.9913     0.996    0.9302   0.01031    0.0118   0.01994
   125/249    0.923G    0.0105  0.003065  0.006083   0.01965        59       224    0.9865     0.963    0.9933    0.9282   0.01027   0.01112   0.02024
   126/249    0.923G   0.01046  0.003016  0.006266   0.01975        69       224    0.9727    0.9887    0.9949    0.9339  0.009679   0.01178   0.01933
   127/249    0.923G    0.0104  0.003078  0.006264   0.01974        57       224    0.9682     0.977    0.9898    0.9323   0.00975   0.01112   0.02113
   128/249    0.923G   0.01056  0.003197  0.006372   0.02013        63       224     0.979    0.9811    0.9923    0.9278   0.01043   0.01111   0.02197
   129/249    0.923G   0.01038  0.003134  0.006143   0.01966        74       224    0.9621    0.9816     0.992    0.9304  0.009629   0.01137   0.02759
   130/249    0.923G   0.01032  0.003122  0.006277   0.01972        56       224    0.9823    0.9881    0.9964    0.9305   0.01012   0.01122   0.01971
   131/249    0.923G   0.01026  0.002949  0.006003   0.01921        61       224    0.9822    0.9852    0.9962    0.9243   0.01001   0.01184   0.02104
   132/249    0.923G   0.01051  0.003114  0.006269   0.01989        59       224    0.9792    0.9829    0.9952    0.9259  0.009984   0.01186   0.02021
   133/249    0.923G   0.01013  0.002953  0.005851   0.01893        55       224    0.9715    0.9989    0.9953     0.935   0.01001   0.01247   0.02029
   134/249    0.923G  0.009999  0.002892  0.005694   0.01858        66       224    0.9816    0.9905    0.9944    0.9265  0.009985   0.01237   0.02077
   135/249    0.923G   0.01014  0.002943  0.006008   0.01909        55       224    0.9775    0.9888     0.993    0.9305  0.009578   0.01157   0.02154
   136/249    0.923G   0.00997  0.002952  0.005776    0.0187        59       224    0.9828    0.9959    0.9954      0.93  0.009481   0.01215   0.02034
   137/249    0.923G  0.009997  0.002911  0.005576   0.01848        48       224     0.984    0.9903    0.9899    0.9265  0.009798   0.01242   0.02262
   138/249    0.923G  0.009954  0.002929   0.00579   0.01867        58       224    0.9744     0.992    0.9926    0.9206   0.01048   0.01268   0.02149
   139/249    0.923G  0.009872  0.002919  0.005895   0.01869        51       224    0.9779    0.9928    0.9958    0.9291   0.01021   0.01261   0.02231
   140/249    0.923G  0.009879  0.002902   0.00569   0.01847        56       224    0.9813    0.9945    0.9958    0.9298  0.009642   0.01273   0.02083
   141/249    0.923G  0.009741  0.002801  0.005368   0.01791        76       224    0.9782    0.9846    0.9961    0.9305  0.009922   0.01218   0.02068
   142/249    0.923G  0.009883  0.002926  0.005462   0.01827        72       224    0.9987    0.9602    0.9954     0.931   0.01019   0.01277   0.02082
   143/249    0.923G  0.009807  0.002954  0.005462   0.01822        60       224    0.9972    0.9833    0.9967    0.9328  0.009944   0.01318   0.02014
   144/249    0.923G  0.009795  0.002932  0.005665   0.01839        67       224    0.9876    0.9808    0.9955    0.9297  0.009323   0.01217   0.02306
   145/249    0.923G  0.009678  0.002849  0.005544   0.01807        65       224    0.9939    0.9971     0.996    0.9332  0.009463   0.01202   0.02054
   146/249    0.923G  0.009685  0.002897  0.005394   0.01798        67       224     0.995    0.9953    0.9961    0.9335  0.009476   0.01261   0.02033
   147/249    0.923G  0.009665  0.002818  0.005246   0.01773        56       224    0.9899    0.9909    0.9964    0.9287   0.00937   0.01308   0.02045
   148/249    0.923G  0.009709  0.002828   0.00539   0.01793        58       224    0.9934    0.9862    0.9964    0.9323  0.009598   0.01364   0.01915
   149/249    0.923G  0.009652  0.002765  0.005183    0.0176        67       224    0.9857    0.9925    0.9963    0.9308  0.009732   0.01323   0.02016
   150/249    0.923G  0.009922  0.002903  0.005706   0.01853        63       224    0.9782    0.9763    0.9915    0.9238  0.009717   0.01354   0.02042
   151/249    0.923G  0.009714  0.002849    0.0053   0.01786        76       224    0.9804    0.9938    0.9919    0.9248  0.009789   0.01376   0.02064
   152/249    0.923G   0.00959  0.002748  0.005194   0.01753        69       224     0.986    0.9889    0.9936    0.9264  0.009351   0.01347      0.02
   153/249    0.923G  0.009549  0.002799  0.005513   0.01786        58       224     0.973    0.9905    0.9937    0.9279  0.009791   0.01365   0.02024
   154/249    0.923G  0.009738  0.002909   0.00564   0.01829        73       224     0.981    0.9921    0.9961    0.9356  0.009559   0.01302    0.0203
   155/249    0.923G  0.009615  0.002856  0.005277   0.01775        63       224    0.9835    0.9893    0.9963    0.9254  0.009699   0.01369   0.01886
   156/249    0.923G    0.0094  0.002728  0.005417   0.01755        73       224    0.9836     0.996    0.9962    0.9312  0.009669    0.0135   0.01871
   157/249    0.923G  0.009679  0.002918  0.005545   0.01814        71       224    0.9926    0.9921    0.9963    0.9305  0.009492   0.01307   0.01927
   158/249    0.923G  0.009418   0.00273  0.005401   0.01755        73       224    0.9976    0.9929    0.9967    0.9327  0.009684   0.01388   0.01878
   159/249    0.923G  0.009542  0.002684  0.005038   0.01726        68       224    0.9825    0.9948    0.9968    0.9329  0.009561   0.01351   0.01891
   160/249    0.923G  0.009254  0.002753   0.00528   0.01729        72       224    0.9726         1    0.9967     0.935   0.00965   0.01366   0.01846
   161/249    0.923G  0.009517  0.002842  0.005493   0.01785        72       224    0.9871    0.9991    0.9968    0.9339  0.009653   0.01396   0.01861
   162/249    0.923G  0.009256  0.002818  0.005364   0.01744        63       224    0.9948    0.9947    0.9968    0.9291  0.009709   0.01397   0.01846
   163/249    0.923G  0.009373  0.002849  0.005329   0.01755        67       224    0.9957    0.9938    0.9968    0.9328  0.009356   0.01395   0.01791
   164/249    0.923G  0.009317  0.002801  0.005207   0.01733        77       224    0.9897    0.9937    0.9967    0.9329  0.009621   0.01337   0.01921
   165/249    0.923G  0.009482  0.002704  0.005298   0.01748        53       224    0.9846    0.9959    0.9967    0.9344  0.009706   0.01302   0.01951
   166/249    0.923G  0.009253  0.002763  0.005179    0.0172        62       224    0.9861    0.9943    0.9966    0.9356  0.009388   0.01299   0.02005
   167/249    0.923G  0.009309  0.002736    0.0052   0.01725        71       224    0.9847    0.9911    0.9964    0.9299  0.009281   0.01331   0.01993
   168/249    0.923G  0.009184  0.002757  0.005506   0.01745        69       224    0.9856    0.9977    0.9967    0.9327    0.0096    0.0141   0.01897
   169/249    0.923G   0.00939  0.002774  0.005333    0.0175        73       224    0.9838    0.9932    0.9964     0.931  0.009622   0.01324   0.01829
   170/249    0.923G  0.009105  0.002666  0.004878   0.01665        73       224     0.981     0.996    0.9965    0.9253  0.009649    0.0135   0.01825
   171/249    0.923G  0.009141    0.0027  0.004739   0.01658        61       224    0.9849     0.996    0.9965    0.9305  0.009669    0.0135   0.01823
   172/249    0.923G  0.009221  0.002762  0.005039   0.01702        66       224     0.985     0.996    0.9967    0.9349  0.009255   0.01374   0.01844
   173/249    0.923G  0.009013   0.00279  0.005218   0.01702        65       224    0.9851     0.994    0.9968    0.9347  0.009343   0.01416   0.01845
   174/249    0.923G  0.009392  0.002718  0.005319   0.01743        63       224    0.9848    0.9865    0.9964    0.9289  0.009336   0.01424   0.01834
   175/249    0.923G  0.009071  0.002598  0.004852   0.01652        53       224    0.9832    0.9955    0.9956    0.9263  0.009299    0.0143   0.01831
   176/249    0.923G  0.008887  0.002644  0.004772    0.0163        79       224    0.9797     0.996    0.9963    0.9324  0.009502   0.01453   0.01827
   177/249    0.923G   0.00923  0.002703  0.005358   0.01729        57       224    0.9857     0.996    0.9964    0.9352  0.009282   0.01457   0.01847
   178/249    0.923G  0.009099  0.002703  0.005019   0.01682        61       224    0.9849     0.996    0.9969     0.938  0.009319   0.01475   0.01859
   179/249    0.923G  0.009118   0.00274  0.004989   0.01685        56       224    0.9847     0.996    0.9969    0.9364  0.009349   0.01484   0.01835
   180/249    0.923G  0.009124  0.002701  0.004715   0.01654        59       224     0.983    0.9963    0.9962    0.9365  0.009277   0.01443    0.0188
   181/249    0.923G  0.009168  0.002715  0.004941   0.01682        62       224    0.9855    0.9947     0.997      0.94    0.0093    0.0148   0.01902
   182/249    0.923G  0.009103  0.002708  0.004725   0.01654        56       224    0.9931    0.9876    0.9971    0.9406  0.009215   0.01477   0.01908
   183/249    0.923G  0.009031  0.002672  0.004973   0.01668        61       224    0.9865    0.9925    0.9971    0.9332  0.009219   0.01513   0.01894
   184/249    0.923G  0.008876  0.002664   0.00465   0.01619        62       224    0.9825    0.9962    0.9968    0.9339  0.009291   0.01475   0.01893
   185/249    0.923G  0.008832   0.00259  0.004912   0.01633        71       224    0.9757    0.9979     0.997    0.9315  0.009366   0.01483   0.01906
   186/249    0.923G  0.008807  0.002583  0.004595   0.01598        64       224    0.9829    0.9925    0.9971     0.937  0.009259   0.01487   0.01819
   187/249    0.923G  0.009003  0.002744   0.00524   0.01699        63       224    0.9883    0.9924    0.9969    0.9343  0.009168   0.01471   0.01853
   188/249    0.923G  0.008643  0.002496  0.004307   0.01545        63       224     0.986    0.9898    0.9969    0.9377  0.009213   0.01486   0.01854
   189/249    0.923G  0.008659  0.002512  0.004359   0.01553        75       224    0.9868    0.9906    0.9968    0.9322  0.009155   0.01489   0.01833
   190/249    0.923G  0.008851  0.002604  0.004527   0.01598        66       224    0.9999    0.9728    0.9971    0.9383  0.009257   0.01472   0.01861
   191/249    0.923G   0.00876  0.002525  0.004591   0.01588        52       224    0.9796    0.9962    0.9971    0.9358  0.009435   0.01491   0.01863
   192/249    0.923G  0.008899  0.002606  0.004619   0.01612        57       224    0.9832     0.996    0.9967    0.9347  0.009479   0.01467   0.01842
   193/249    0.923G   0.00857  0.002495  0.004651   0.01572        61       224    0.9845    0.9948    0.9967    0.9346  0.009258   0.01487   0.01846
   194/249    0.923G   0.00858  0.002533  0.004382    0.0155        52       224    0.9844     0.996    0.9968    0.9358  0.009269   0.01498   0.01817
   195/249    0.923G  0.008829  0.002633  0.004569   0.01603        69       224    0.9887    0.9856     0.997    0.9372  0.009327   0.01504    0.0181
   196/249    0.923G  0.008891  0.002587  0.004365   0.01584        74       224    0.9867    0.9775    0.9968    0.9389  0.009288   0.01492   0.01859
   197/249    0.923G  0.008671  0.002596  0.004016   0.01528        66       224    0.9843    0.9793    0.9964    0.9396  0.009241   0.01506   0.01866
   198/249    0.923G  0.008406  0.002508  0.004366   0.01528        67       224    0.9833     0.985    0.9958    0.9384  0.009353   0.01503   0.01859
   199/249    0.923G  0.008747  0.002569   0.00491   0.01623        61       224     0.985     0.996    0.9953    0.9374   0.00953   0.01495   0.01851
   200/249    0.923G  0.008739  0.002585  0.004921   0.01625        70       224    0.9839     0.996    0.9956    0.9368  0.009535   0.01506   0.01848
   201/249    0.923G  0.008755  0.002538  0.004889   0.01618        60       224    0.9846     0.996    0.9956    0.9378  0.009547   0.01505   0.01847
   202/249    0.923G  0.008593  0.002578  0.004773   0.01594        55       224    0.9851    0.9961    0.9961    0.9388  0.009415   0.01492   0.01853
   203/249    0.923G  0.008499  0.002521  0.004015   0.01503        60       224    0.9847     0.996    0.9963    0.9349  0.009312   0.01495   0.01865
   204/249    0.923G  0.008721  0.002595  0.004624   0.01594        75       224    0.9845     0.996    0.9963    0.9311  0.009282   0.01508   0.01837
   205/249    0.923G  0.008531  0.002515  0.004633   0.01568        55       224    0.9785     0.996    0.9961    0.9379  0.009351   0.01514    0.0184
   206/249    0.923G  0.008833  0.002547  0.004782   0.01616        75       224    0.9834     0.996    0.9964    0.9331  0.009297   0.01525   0.01825
   207/249    0.923G  0.008577  0.002518  0.004074   0.01517        55       224    0.9847     0.996    0.9965    0.9344  0.009226   0.01521   0.01845
   208/249    0.923G  0.008484  0.002605  0.004661   0.01575        70       224    0.9847    0.9944    0.9961    0.9376  0.009182   0.01529   0.01832
   209/249    0.923G  0.008593  0.002597  0.004692   0.01588        58       224    0.9842     0.996    0.9964    0.9346  0.009178   0.01499    0.0184
   210/249    0.923G  0.008456  0.002561  0.004321   0.01534        69       224    0.9863    0.9921    0.9963    0.9361  0.009219     0.015   0.01842
   211/249    0.923G  0.008701  0.002614  0.005073   0.01639        57       224    0.9839     0.994    0.9968    0.9371  0.009257   0.01511   0.01849
   212/249    0.923G  0.008698  0.002516  0.004902   0.01612        55       224    0.9842     0.996    0.9968    0.9392  0.009201    0.0154   0.01849
   213/249    0.923G   0.00848  0.002487  0.004342   0.01531        57       224    0.9997    0.9808    0.9972    0.9372  0.009283   0.01541   0.01848
   214/249    0.923G  0.008418  0.002476  0.004325   0.01522        54       224    0.9827     0.996    0.9972    0.9345  0.009345   0.01543   0.01852
   215/249    0.923G  0.008472  0.002419  0.004202   0.01509        56       224    0.9863    0.9901    0.9968    0.9339  0.009312    0.0155   0.01868
   216/249    0.923G  0.008618  0.002588  0.004483   0.01569        62       224    0.9866    0.9903    0.9967    0.9362  0.009301   0.01555   0.01881
   217/249    0.923G  0.008538  0.002494  0.004243   0.01528        73       224    0.9865    0.9906    0.9968    0.9373  0.009287   0.01553   0.01873
   218/249    0.923G  0.008445  0.002436  0.004181   0.01506        72       224    0.9817     0.996    0.9968    0.9412  0.009223   0.01554   0.01858
   219/249    0.923G  0.008461  0.002507  0.004419   0.01539        66       224     0.984     0.996    0.9965    0.9386  0.009303   0.01562   0.01841
   220/249    0.923G  0.008584  0.002556  0.004399   0.01554        72       224    0.9851     0.996    0.9965    0.9387  0.009207   0.01556   0.01843
   221/249    0.923G  0.008291  0.002457  0.004223   0.01497        60       224    0.9851     0.996    0.9961    0.9377  0.009133   0.01553    0.0185
   222/249    0.923G  0.008355  0.002488  0.004314   0.01516        57       224     0.985     0.996    0.9961    0.9387   0.00911   0.01551   0.01851
   223/249    0.923G  0.008442  0.002474  0.004026   0.01494        58       224    0.9851     0.996    0.9965    0.9384  0.009135    0.0155   0.01836
   224/249    0.923G  0.008436  0.002501  0.004214   0.01515        60       224    0.9853     0.996    0.9968    0.9391  0.009192    0.0155   0.01812
   225/249    0.923G  0.008403  0.002451  0.004241   0.01509        59       224    0.9857     0.996    0.9968    0.9403  0.009168   0.01554   0.01788
   226/249    0.923G  0.008359  0.002481  0.004221   0.01506        72       224    0.9855     0.996    0.9968    0.9392  0.009136   0.01548   0.01799
   227/249    0.923G  0.008276  0.002414  0.004174   0.01486        68       224     0.983     0.996    0.9962     0.937  0.009167   0.01542   0.01823
   228/249    0.923G  0.008681  0.002596  0.004692   0.01597        76       224    0.9834    0.9941    0.9966    0.9394  0.009161   0.01541   0.01835
   229/249    0.923G  0.008401  0.002479  0.004369   0.01525        75       224    0.9829    0.9941    0.9966    0.9384  0.009235   0.01543   0.01841
   230/249    0.923G  0.008304  0.002486  0.004039   0.01483        67       224    0.9826    0.9941    0.9964    0.9403   0.00918   0.01543    0.0184
   231/249    0.923G  0.008571  0.002542  0.004741   0.01585        68       224    0.9832    0.9941    0.9964    0.9386  0.009138   0.01541   0.01826
   232/249    0.923G   0.00849  0.002536  0.004586   0.01561        84       224     0.984     0.994    0.9968    0.9403  0.009111   0.01541   0.01815
   233/249    0.923G  0.008102  0.002381   0.00413   0.01461        71       224    0.9843    0.9941    0.9969    0.9391  0.009134   0.01543   0.01818
   234/249    0.923G  0.008419  0.002509  0.004281   0.01521        69       224    0.9839     0.994    0.9969    0.9402  0.009114   0.01545   0.01825
   235/249    0.923G  0.008301  0.002465  0.004058   0.01482        72       224    0.9832     0.994    0.9969     0.939   0.00911   0.01543   0.01823
   236/249    0.923G  0.008327  0.002441   0.00418   0.01495        61       224    0.9831     0.994    0.9969    0.9395  0.009105   0.01546   0.01814
   237/249    0.923G  0.008323  0.002454  0.004068   0.01484        60       224    0.9833    0.9941    0.9969    0.9394  0.009103   0.01552   0.01806
   238/249    0.923G  0.008454  0.002548  0.004522   0.01552        59       224    0.9833    0.9941    0.9969    0.9419  0.009112   0.01554   0.01803
   239/249    0.923G  0.008587  0.002515  0.004541   0.01564        71       224    0.9833    0.9941    0.9968    0.9401  0.009089   0.01556   0.01797
   240/249    0.923G  0.008315  0.002395  0.004089    0.0148        56       224     0.984    0.9941    0.9969    0.9416  0.009105   0.01564   0.01786
   241/249    0.923G  0.008269  0.002368  0.004208   0.01484        65       224    0.9847    0.9941    0.9969    0.9401  0.009114   0.01568    0.0178
   242/249    0.923G  0.008375   0.00253   0.00463   0.01554        63       224    0.9853    0.9941    0.9969    0.9415  0.009148   0.01571   0.01776
   243/249    0.923G  0.008143  0.002473  0.004084    0.0147        64       224    0.9855    0.9941     0.997    0.9424    0.0091   0.01572   0.01772
   244/249    0.923G  0.008503  0.002452  0.004287   0.01524        79       224    0.9858    0.9941    0.9968    0.9428  0.009104   0.01574   0.01769
   245/249    0.923G  0.008137  0.002442  0.004124    0.0147        62       224    0.9857    0.9941    0.9968    0.9409  0.009102   0.01573   0.01772
   246/249    0.923G  0.008304  0.002483  0.004111    0.0149        64       224    0.9856    0.9941    0.9968    0.9421  0.009105   0.01573   0.01772
   247/249    0.923G  0.008189  0.002439  0.003983   0.01461        57       224    0.9856    0.9943    0.9968    0.9396  0.009113   0.01573   0.01772
   248/249    0.923G  0.008257  0.002488  0.004424   0.01517        83       224    0.9842     0.996    0.9968    0.9391  0.009127   0.01573   0.01773
   249/249    0.923G  0.008161  0.002419  0.003997   0.01458        77       224     0.985     0.996    0.9968    0.9376   0.00915   0.01576   0.01774
